id,cuisine
18009,8
28583,16
41580,9
29752,2
35687,9
38527,16
19666,5
41217,3
28753,13
22659,1
21749,9
44967,6
42969,7
44883,9
20827,16
23196,5
35387,13
33780,16
19001,13
16526,16
42455,11
47453,7
42478,5
11885,19
16585,9
29639,16
26245,19
38516,12
47520,9
26212,9
23696,13
14926,18
13292,17
27346,11
1384,3
15959,13
42297,15
46235,7
21181,7
9809,2
22982,2
23120,3
26743,5
12741,13
7050,9
22437,9
14760,17
10649,7
48065,19
39931,3
32935,9
40142,18
19103,7
38267,4
30512,9
3324,3
26197,9
384,11
47230,3
39748,2
41038,5
24878,13
42624,4
45706,12
8874,13
23878,6
47234,3
24075,18
46323,9
22562,9
11358,9
9201,7
38620,18
47638,0
21238,7
11053,11
46602,7
13937,13
21876,16
20798,6
24381,3
48178,17
45832,9
27560,12
23247,1
28975,16
43230,6
9126,16
13021,2
28194,3
25617,7
36125,9
16454,13
1607,3
38526,14
18755,16
12035,5
16047,6
15419,9
16971,7
31459,16
27888,16
13900,9
12376,18
1658,12
29431,16
22290,9
28464,9
37953,12
20814,3
35987,13
2329,9
43237,16
30647,1
16675,9
37722,13
32438,11
20287,18
43296,7
6237,6
48560,12
20810,13
34951,5
31850,4
47745,16
37815,19
9872,9
5592,9
27411,18
39320,8
40247,11
19792,13
40754,9
14365,13
14468,17
47563,13
19611,9
7163,13
43069,8
27505,3
36500,18
25932,16
817,9
8471,5
48250,16
9413,13
12097,2
8416,2
5892,9
676,9
47015,3
21891,6
14630,9
36195,11
25981,13
39964,5
28298,7
31954,9
26620,13
14932,16
47426,9
1038,6
8077,16
37141,16
45447,13
9624,13
45589,16
7265,8
31844,16
13046,9
9867,16
29184,9
34783,9
2823,18
18932,13
11112,13
12859,18
9365,9
44516,16
18193,8
46545,9
9900,9
14815,18
39690,9
22193,16
11739,5
27311,3
36920,7
7861,7
29248,14
43142,13
7574,13
8610,13
989,9
46926,13
40816,13
39726,3
42229,16
10474,9
22140,13
31985,7
46165,11
20860,9
42494,9
15968,5
20484,19
26661,18
47182,13
22528,5
3861,7
1203,5
45040,5
33287,7
10097,10
42005,16
12423,17
39613,0
30276,0
18686,13
3031,5
40093,9
182,5
46591,13
4092,3
13722,16
44575,9
14989,9
13270,9
25529,9
12140,7
23127,13
13523,9
41270,9
8362,18
11735,16
27935,9
28198,13
37765,7
33856,9
30198,9
42521,9
21567,16
36995,5
24967,18
45002,16
48925,16
36914,13
2280,16
14729,16
4594,9
2237,13
45631,14
2317,3
23079,8
29333,3
48066,16
15737,9
30580,10
1119,9
46336,14
5026,13
10749,4
31020,13
30805,9
27653,9
35060,13
39174,7
49509,9
31784,1
31408,5
36029,13
11045,5
6561,16
26992,4
31179,16
35099,13
11018,11
17930,13
21302,9
46352,18
25132,13
7010,13
25850,16
19601,13
7935,9
34994,4
25113,9
45523,9
34977,16
7124,16
27514,6
27178,13
47880,12
29197,5
16347,5
20333,13
29112,3
7510,1
13897,13
35699,14
20520,13
38920,13
21775,7
37475,11
40131,2
1939,13
48268,17
34815,6
13797,9
39063,3
29064,3
26896,17
29477,9
3352,8
4966,13
7316,9
23879,13
16525,9
32843,9
39574,13
32737,13
44788,4
28772,9
34189,13
33719,16
25846,7
1423,7
4328,18
579,16
5219,7
2314,16
31143,14
13409,12
3281,6
15804,18
40835,16
39262,12
37013,7
14807,10
47956,9
2580,13
13720,9
23008,11
5951,7
39312,13
6176,8
17617,3
57,13
43422,7
49403,17
44751,15
21865,13
26584,16
39355,12
14038,13
45396,9
49715,13
41515,18
30445,17
4090,16
17207,18
40376,9
19398,13
22347,18
49671,13
40854,9
926,12
47919,19
20571,9
18866,1
48742,13
14577,9
29481,9
40996,9
34470,14
31147,13
35932,9
27221,9
48301,9
29925,12
48640,3
22873,9
10565,2
15509,9
37569,16
13306,3
40474,9
15182,7
8609,3
32168,12
1125,13
25244,9
46889,3
13841,4
47135,14
29036,7
43533,11
41631,16
22124,2
18836,2
35695,5
5141,7
41894,14
4972,9
34195,18
14183,5
15188,11
8734,9
30946,2
5588,16
49554,1
1270,7
1259,19
45986,6
22351,16
300,13
9278,16
10021,7
17014,15
40855,9
18362,12
16292,3
29924,7
47174,16
4856,9
15417,9
19875,15
42228,7
36264,13
14571,16
23496,3
43879,13
23431,7
5499,9
247,13
48795,7
47113,9
489,13
13036,11
4838,9
40630,7
17576,9
29972,18
8123,7
35918,13
42669,16
24632,8
35740,13
45670,9
28041,4
46688,11
10309,18
15367,7
30562,16
47151,14
47300,19
31200,13
5749,16
41807,5
13990,13
23572,6
872,16
38085,19
5248,9
26309,7
26880,13
41559,13
8059,13
26041,18
30019,7
7207,7
30309,5
2092,5
8023,3
4016,1
24631,9
35068,16
8523,13
28463,9
8629,17
43829,2
22129,5
34505,3
38200,3
36513,11
32187,9
7788,16
31130,4
40483,9
2224,16
14143,11
22889,13
17406,3
10451,18
19844,9
23416,15
33874,9
39951,9
41361,13
44659,7
8836,5
21709,7
22993,18
39191,16
17182,13
20507,12
42397,9
18897,9
3797,18
11041,0
807,19
3514,9
12936,12
15050,16
43377,2
10471,3
30721,13
14333,7
6260,3
7712,16
19048,16
21455,13
18575,2
47647,5
35947,13
14499,9
43525,1
5723,9
48497,9
43822,5
525,15
30594,13
47948,16
2099,7
43863,13
24711,19
15230,7
21680,7
36218,13
41622,3
34809,9
5110,5
27214,5
34803,16
36822,7
6912,19
20373,5
29157,9
6327,13
35502,13
8305,5
35598,5
48538,7
49358,7
44506,13
39146,7
29270,9
20560,13
24169,16
41537,9
10431,5
31517,16
34049,3
26964,13
49655,9
9101,9
30377,9
7046,7
47969,13
18971,16
38891,16
29506,19
40305,2
21255,4
15578,13
24894,16
32089,3
46097,4
40982,9
12543,7
38366,16
32925,17
17506,18
48389,16
41804,12
9961,18
24939,7
39599,9
45838,13
48875,7
25531,3
3009,2
31965,9
16901,9
13370,9
2954,4
40353,9
8207,10
10933,12
38206,16
14110,13
19128,9
32616,7
27748,13
31858,9
20510,9
17602,18
35665,11
46589,7
8178,13
34880,9
42527,13
29682,13
32166,18
30343,1
15385,2
18372,18
29211,9
23269,12
4561,13
27365,0
49032,11
22064,6
12060,5
47834,16
25815,16
34036,3
19326,3
44078,18
31090,9
17485,16
708,5
5350,4
29754,5
18309,9
46871,15
27300,16
41890,13
49548,16
11392,5
1354,7
48819,16
19097,2
42113,6
24060,18
25849,13
4543,5
25306,16
41966,9
48719,7
48191,18
8826,1
42703,13
16083,6
26613,3
28088,9
39965,16
36239,9
4322,14
9951,5
3045,13
28585,6
39841,9
25913,13
39715,19
23135,13
47022,7
24160,13
18619,9
12574,12
22681,7
33692,2
538,13
22118,11
21890,9
36340,2
27973,9
12870,13
22564,3
35063,9
7000,5
11318,14
47001,9
11395,11
23507,18
47242,13
48957,9
17721,9
25138,16
47438,9
47162,1
42459,5
6486,7
24116,7
31596,3
38887,3
10665,10
13712,4
2633,1
35784,2
45204,9
46722,16
34949,5
35321,3
46430,16
34431,5
30890,2
42132,4
15702,18
47719,10
45160,9
20600,9
10800,6
30479,6
9457,2
26571,18
42942,9
36635,13
43617,3
16911,13
122,13
22340,13
37007,9
23595,9
25233,5
5503,3
47338,18
44695,19
7141,16
14564,9
19655,5
35326,7
35922,13
28171,9
1322,9
14923,16
42344,9
16380,13
15233,7
8338,3
41014,16
30440,13
23043,3
20788,16
14375,16
1184,3
34280,9
46171,2
31834,3
14759,13
15855,12
6662,9
15056,6
34873,3
20089,16
20015,13
18402,9
6418,16
1454,3
14070,3
26424,11
27349,7
26459,12
13151,9
12264,9
18366,9
46851,7
18954,9
39858,3
43500,8
21656,9
10505,3
5313,7
28951,11
19961,7
1795,9
9917,5
26180,13
9726,9
47689,9
7866,13
41625,13
35160,16
4430,16
39082,8
46186,7
11988,7
24177,11
31849,9
41194,14
36968,13
42330,3
36791,18
19704,9
4933,7
4255,13
37105,9
35848,13
17416,13
39066,9
36270,2
24406,4
20517,9
27630,13
19670,5
4685,9
45260,9
378,3
40841,2
27632,11
12193,13
38047,13
10170,9
25043,11
23851,9
14743,3
13294,5
26466,3
32002,9
37526,16
8888,9
38945,16
38546,2
38869,5
10556,13
3296,9
25977,13
32025,13
44087,9
32762,1
824,16
44636,9
542,3
38218,5
41930,18
1987,9
37378,16
8873,9
1513,11
44013,13
38042,7
11576,10
24510,5
823,9
23443,3
34870,7
3846,16
14993,5
16854,13
5886,13
33793,9
2999,16
20843,13
29153,3
33790,6
16516,7
37887,5
18466,7
48033,5
45404,9
4175,13
31986,9
38555,7
26832,3
19810,13
49086,9
39579,2
25551,16
42549,7
22052,13
45632,9
4143,13
11310,9
32839,11
48171,12
22896,2
10878,9
31643,13
47624,3
35141,9
13498,3
24566,5
16533,5
15437,13
19426,6
32416,13
2427,9
9178,16
40606,9
28450,11
7946,9
21756,6
17843,16
44066,1
7427,3
11297,5
42965,9
23067,5
35066,18
27938,6
39075,6
20200,16
19823,19
12336,3
34714,9
45388,9
25639,6
33985,15
25524,18
19641,3
11106,3
22165,9
35412,9
23475,11
1570,17
12815,5
37253,7
16900,9
7701,16
49391,13
1132,16
13051,13
2284,3
21410,5
25604,6
45746,18
35911,16
26608,11
16991,5
40657,13
47960,9
38408,16
1295,19
40139,15
38538,16
26420,17
10326,18
5181,13
18210,7
3241,16
27062,9
41527,18
45484,13
38755,5
47246,9
164,17
723,14
299,9
1519,13
34077,11
45254,7
34760,5
11154,11
26274,9
15081,9
45100,13
1417,9
32083,9
29971,9
17679,2
36539,7
34975,13
4633,9
10321,13
35565,9
26919,3
9549,9
31863,16
22053,7
19443,9
18540,9
23354,9
13859,16
23904,18
6675,9
18595,16
12967,3
17283,16
23211,13
14358,13
31398,7
42650,9
25258,3
18457,19
11810,13
9499,2
11943,7
6810,19
34323,5
23296,12
45927,9
45196,5
19917,11
20210,17
41629,3
39907,9
4956,13
37058,16
20859,3
3315,5
4401,9
21361,9
44164,9
26391,9
47771,9
44140,6
43739,7
12481,16
12292,18
15965,7
23409,7
39005,3
2774,7
14529,11
16926,13
26890,0
9663,1
43052,18
24193,16
5476,9
10048,6
1981,13
12194,3
22202,12
7626,3
37365,13
44144,7
37723,5
47194,7
30827,9
33108,7
2075,2
6326,9
11083,13
30311,3
45371,13
18232,7
9768,11
6648,5
35650,2
23013,9
6669,13
42670,13
18155,2
44622,19
28426,13
23743,13
14176,0
9576,9
36577,13
16671,9
22964,18
16424,5
47225,7
17565,5
36401,4
30314,5
32982,10
21866,8
1475,5
13053,5
33983,15
24051,5
22800,17
16561,3
2740,16
219,13
48737,6
2164,5
13579,9
71,5
12420,13
35209,13
11472,7
43172,3
24927,2
37102,1
10743,9
27874,7
9565,9
21419,5
767,12
28308,9
37605,9
9558,5
31527,5
2419,3
7541,3
11400,6
23487,5
8087,5
21906,9
48830,13
37328,16
45490,9
9710,9
16153,13
39537,14
13923,3
8120,16
12923,16
1556,18
6871,5
34201,8
36146,10
33170,16
20082,13
26517,8
15214,2
34092,16
40902,2
44452,6
2083,9
44897,13
17850,8
26693,9
19618,7
35589,7
46084,16
17256,13
47570,13
32796,7
27047,14
39487,9
130,18
17627,2
29072,16
1108,16
22666,16
41630,16
27289,9
42299,16
36078,9
7098,9
46999,18
28791,3
39576,13
2447,5
22449,2
23828,7
5660,9
47460,13
17912,2
12288,16
44037,14
20875,13
6500,12
13813,13
4907,7
38186,9
9816,13
8170,16
21681,17
42384,9
35366,3
34244,7
35421,13
33457,13
28026,4
38122,14
21362,5
42253,2
21994,9
34457,19
40229,13
10181,13
38257,2
40992,13
15617,5
34754,18
45459,9
31295,1
44977,16
18322,11
23257,13
10084,0
16445,7
10594,3
26828,9
47643,3
49680,3
27446,9
8731,9
37341,7
42241,11
13669,5
21403,10
688,13
23894,13
35753,9
44692,9
235,13
20982,13
10166,13
2187,9
5022,18
49037,9
44478,16
8912,0
8919,9
23856,16
14647,13
48870,4
14377,13
18548,9
39591,9
46746,9
31926,9
10159,18
11342,3
32421,16
19969,9
3029,16
39565,16
7426,16
20624,6
4385,5
18761,5
46710,3
46241,4
14208,6
29323,16
40663,9
32391,13
9506,9
35402,9
48796,9
4657,3
2404,9
36923,14
41762,5
19344,3
19876,9
39452,16
19209,7
35461,18
5784,13
40345,8
24765,9
25563,16
40680,13
36932,2
28106,13
12717,13
40100,6
6960,16
20724,3
24433,9
32118,3
22353,9
23040,13
46246,9
36642,16
21579,9
24073,3
16775,18
24732,17
24221,5
33300,9
34971,18
19777,9
24337,9
24709,11
28557,9
8963,5
31515,7
22575,3
11011,9
42030,9
48012,3
13623,18
49552,13
5702,3
3847,9
34221,9
4312,16
35834,14
11849,2
38290,7
3064,16
30099,9
37354,13
27877,9
45642,13
10629,13
17557,13
3725,13
49507,5
5560,14
42239,7
29559,18
46028,15
26523,13
28313,7
32502,18
43610,4
35563,9
22160,3
11258,3
36220,12
15974,17
30449,7
29676,7
29951,3
2268,13
36813,13
28096,13
40471,9
6545,5
33598,14
22338,13
41918,18
2133,13
42259,18
11056,13
7034,9
17040,16
35238,5
46155,2
23356,9
3909,7
22107,13
1656,16
9302,16
19473,9
13566,9
23424,9
4139,16
15970,16
47732,16
37251,16
44870,19
9773,9
2131,0
6381,9
9613,9
47364,11
34376,9
26408,7
4763,9
18982,13
2766,18
19247,12
13462,11
19678,5
22814,9
18582,16
3124,18
19347,6
8812,2
22037,8
15423,16
35960,16
49336,13
1255,13
17646,9
20631,9
19492,13
22895,9
18607,15
34569,3
48356,17
12252,16
21071,9
22458,16
19585,9
15597,7
15038,8
20028,13
29764,13
17206,1
40901,13
37954,3
16933,18
42657,14
21846,3
33834,13
25873,16
5938,9
34762,13
39835,9
5805,7
13914,3
45924,14
41460,9
37287,9
25059,9
34872,13
7524,3
10427,4
8014,9
14740,9
24329,3
38514,18
12665,3
24655,9
7078,3
15995,16
15861,16
30662,16
17836,9
2078,5
3600,4
46302,7
28375,16
34839,18
18345,6
23205,9
34763,9
26692,16
10317,18
11767,13
36881,9
33468,3
20669,13
18159,9
22891,15
39588,9
35941,11
15981,13
26013,3
5076,11
1573,9
39380,5
13845,16
35146,2
32924,5
9567,9
35203,5
39666,9
17786,18
21936,9
8668,1
41339,5
32268,9
29706,13
42032,10
8105,16
11218,5
7159,9
47817,9
1572,7
38720,2
14780,13
31839,9
6501,13
39533,16
22820,16
9619,16
14025,6
19697,9
5370,16
32639,3
15249,3
47776,6
48134,0
24141,3
4117,3
20578,5
47585,9
20326,0
43932,16
29704,3
12447,2
38117,18
2684,6
25371,13
25518,9
27083,9
16073,7
45667,16
44188,17
44888,13
41594,14
1061,3
6536,9
31586,13
9792,9
40395,18
24861,9
32253,7
31082,5
19298,12
6600,11
46939,16
6092,16
36600,5
45979,0
46910,9
14174,8
10609,13
28647,6
19066,7
16803,14
49114,16
14664,9
39670,16
4583,7
31121,16
12589,10
22551,9
11817,6
22003,7
42091,3
45966,15
6811,5
2711,9
44757,4
5349,17
30294,19
48944,7
44048,9
411,16
44998,11
18078,18
48533,9
16485,19
32939,5
11808,9
23059,3
16466,2
7315,1
13178,7
2751,7
41395,13
20534,9
12111,1
38708,16
37481,17
28048,13
13123,9
2174,16
17190,2
25756,13
38180,14
26892,2
23757,11
8553,5
36272,18
35224,7
5203,16
23565,16
31420,7
43491,3
38773,16
15223,7
17763,5
24528,9
21704,16
45329,13
48876,10
3741,13
47710,9
9182,9
13782,13
3369,12
11985,16
39817,3
26869,9
37461,7
24217,9
2474,9
45929,5
12768,16
924,16
13258,1
7955,7
37056,3
17934,13
5843,7
46881,9
4049,13
24173,16
4683,17
32612,3
11314,13
13550,13
2483,7
9573,9
34113,3
37865,19
36951,0
4703,14
10734,7
40444,10
44334,16
35991,9
34020,16
3743,12
18305,3
7877,5
10606,16
30584,13
9266,7
35196,13
41070,13
25930,4
48564,16
14213,18
6618,13
18479,2
10279,5
30750,2
45701,9
22947,3
6467,7
16365,7
7184,6
23270,13
41805,16
7537,7
18616,3
42857,7
37906,8
16846,9
573,13
26657,7
12408,1
38232,6
33447,5
40227,13
35760,9
1385,5
47866,9
30871,16
22604,3
39397,14
38782,10
45343,9
26112,10
10209,9
31702,14
37943,3
23471,5
3529,18
46794,13
16626,13
32361,11
20932,2
11183,7
33661,9
12681,13
2450,13
23979,16
18465,9
28234,9
47449,13
33869,7
4924,13
18862,18
30556,7
35762,5
7396,2
21232,17
18299,7
35468,5
42838,9
33972,2
46021,5
1627,9
28873,9
38927,13
25262,3
19152,14
11061,16
27000,2
37396,3
47358,13
47825,9
24681,1
37706,5
44056,2
38298,9
30788,9
36144,9
21792,16
31745,13
15104,5
30589,18
14235,14
2608,16
34828,16
3282,16
4336,16
25666,10
17831,13
17008,2
35845,13
19494,16
30797,7
33763,13
19950,16
23089,16
32074,3
49640,11
8403,3
15879,9
7949,9
31483,18
32928,11
27647,16
34616,9
21113,5
41599,2
23924,3
36335,9
36194,0
10980,13
45999,16
3943,1
188,9
5799,17
20964,1
2716,9
5464,9
17640,9
39437,4
14835,18
3094,5
14826,9
30173,13
37811,9
22363,12
6369,16
26850,13
48887,9
44405,16
21477,13
32697,7
38843,13
20076,13
26429,13
35648,18
41794,13
22100,9
30216,16
17656,4
17317,9
4928,9
43965,9
6404,1
12274,3
6651,16
40406,5
40933,15
23419,13
37867,13
28834,9
23912,3
4791,13
36354,11
32298,16
44577,11
48859,3
32485,14
8394,5
7708,9
38385,16
22622,19
29716,18
44462,13
9422,13
22499,13
36,9
434,9
5479,13
42420,16
47346,15
44568,13
38650,6
19191,9
22848,1
17886,13
6036,5
38608,5
12890,11
15709,16
13125,16
48454,9
36627,8
47884,9
28,16
45365,9
40795,3
17651,7
1530,9
17604,19
4700,13
24972,13
23525,13
7092,9
43757,13
4808,13
7249,16
27589,11
47523,16
44244,5
10383,12
37285,13
21332,3
7311,6
28052,9
31653,9
1740,9
5484,1
41406,16
41907,16
46515,13
38392,9
15925,11
5094,6
31816,9
35713,16
31296,13
41640,5
22419,7
47874,2
6570,9
6936,13
34063,2
34141,9
44572,16
28425,9
38481,13
18955,9
46466,8
5692,10
39836,13
33718,14
36250,5
286,7
29766,9
20541,16
31173,8
46440,5
23905,14
37232,15
8517,9
21249,2
32700,16
22845,13
45461,9
1307,2
30010,9
21646,13
28148,9
26450,10
16602,13
9928,9
27063,16
22273,9
12744,7
28272,9
30350,10
23362,16
13645,6
16942,16
34970,9
27829,8
38058,13
13256,18
31859,9
43027,16
22235,3
2933,2
45981,9
11460,9
33770,2
24399,5
8006,16
48885,9
42585,14
40160,13
45541,19
22410,19
26226,3
4591,7
5457,14
39085,17
24040,13
6576,3
34310,16
27350,13
9968,18
2464,9
27952,3
43388,13
33143,13
28083,18
15927,13
10255,5
8011,16
5195,18
36015,19
40910,5
11309,5
47556,2
27958,18
27198,13
643,5
40853,7
15815,11
2063,9
19827,8
33443,9
44632,12
26773,18
3203,19
32873,4
24806,18
45942,5
1324,5
32526,11
48093,13
48942,5
8845,9
11546,9
44358,13
3209,2
10553,9
44430,9
44712,9
16351,7
44644,9
31670,7
49147,16
19750,0
48121,19
22722,0
9910,9
14236,9
48341,16
23190,18
20362,6
44794,16
39419,13
13526,5
42270,12
37208,13
33824,9
29953,9
16387,3
37672,16
1868,9
24984,18
47128,6
44303,4
20318,3
7513,9
13261,9
19259,9
31103,16
24037,9
29984,16
28159,5
5318,7
23962,13
2084,9
41793,5
18960,9
17025,0
15510,16
36832,11
20643,9
4154,13
10510,3
45117,16
43403,9
42471,11
6942,9
33309,5
6689,16
48687,9
9880,9
25590,9
21842,13
27151,7
565,11
21740,14
42399,14
35928,6
47060,8
43147,7
16625,9
16769,17
12515,16
14731,16
11658,13
49467,19
19749,9
39723,3
5722,9
31967,2
39857,9
16534,5
27334,9
32215,13
34903,9
24990,16
31307,14
38874,13
24130,9
27816,3
939,12
38293,5
7889,2
22114,16
24614,11
48827,18
3387,1
41676,5
3152,13
38805,13
27078,3
34940,9
16855,3
41891,13
36715,7
49455,13
26522,17
28420,9
329,9
18986,13
31705,1
7402,9
10212,16
10640,12
38014,7
5172,9
26986,13
5088,19
24522,14
1900,13
4801,16
27932,11
30941,9
42354,13
48854,15
39058,9
34294,5
46593,16
22582,13
36937,18
34596,7
42570,1
10147,17
44796,13
46819,13
30905,13
34980,9
49265,6
37563,9
25673,18
14267,8
32410,2
26392,18
27384,9
43045,18
22576,13
11597,6
22656,5
47811,6
7925,5
14860,4
27525,3
7798,9
10848,9
19062,5
32224,3
11529,13
12155,17
30628,2
21909,11
14291,13
3323,16
6502,9
25833,9
31108,9
47484,5
27396,17
48147,3
10489,13
12014,10
4904,13
36607,9
12756,13
32462,1
42204,19
246,13
47061,12
15908,19
29572,6
13458,13
14022,16
40437,19
48136,13
17687,9
48504,0
22857,16
11465,7
42107,18
12514,13
46339,7
8383,16
27362,16
38646,18
44084,12
12946,18
11670,7
34916,9
2944,13
33063,13
26982,10
2231,13
5118,7
28258,16
44113,16
47328,3
33937,4
40399,9
23562,19
12787,13
13992,11
38992,9
45269,13
15211,14
34602,5
41779,18
4179,13
37925,11
46161,9
5512,16
27845,13
12024,9
41072,8
17911,9
4237,3
40442,9
15522,13
6804,18
43807,19
21647,3
22758,9
32551,13
20470,13
20842,9
43018,7
45493,9
42442,4
14655,9
32247,5
32302,13
42075,13
19949,13
23352,5
48549,16
15053,4
23490,7
12080,11
41992,19
10618,0
2870,9
49226,13
10052,5
39400,9
8410,13
15752,13
18854,14
28448,18
27260,6
1083,5
21430,9
46343,15
12493,9
14251,7
37764,5
3912,4
28477,9
25100,9
44515,16
36019,16
44471,9
27855,7
47538,16
16954,13
5730,18
29892,2
25581,5
43708,7
49152,13
40984,13
13050,9
15031,13
42841,15
16325,16
1866,16
29547,4
24281,2
49183,4
41136,13
15790,7
23832,11
4231,5
5306,13
40103,2
45908,13
34333,7
19999,13
9304,12
11613,13
30183,9
14480,12
26493,12
46415,13
23012,7
2981,9
31371,14
8119,5
48376,11
42957,13
18688,5
38876,17
11197,9
48216,18
24611,9
16761,9
47345,9
16477,17
31855,9
403,13
48608,13
1985,17
36249,10
27201,3
22141,14
34166,2
4721,9
44230,13
21409,9
29986,16
15401,7
32341,9
46266,9
6633,7
42713,9
9117,15
16266,5
36470,16
16164,7
34712,3
29117,2
34991,7
24906,9
36954,9
29979,5
16710,9
48056,9
24035,14
32656,7
45875,5
1735,18
35986,6
45005,16
46636,4
31507,16
31348,13
28362,14
33305,7
36747,16
39897,16
27450,3
49579,12
24426,13
11507,14
6093,11
49338,6
11560,9
49597,13
17865,4
5995,13
9707,13
6888,13
46148,11
19940,1
34637,9
14214,14
15805,5
34328,3
27174,16
24919,9
33206,13
10745,16
41550,13
5008,5
10685,13
15287,9
25701,16
31525,9
27096,3
36113,11
48480,6
1944,9
26314,9
10478,18
15149,5
5024,1
1676,5
2869,14
20079,16
8053,13
6212,9
13557,7
9735,3
39956,17
21569,13
3269,5
4461,2
41598,13
44612,7
20150,8
7278,9
35809,5
21612,13
20357,5
23355,9
27727,17
34021,10
9970,13
36438,16
12079,16
22380,7
28065,18
49690,9
48671,14
18509,16
8903,6
23374,3
22475,11
28418,7
42625,5
44840,9
42121,7
2243,7
18032,11
19392,13
25679,9
11223,13
35867,9
33842,13
12676,3
38377,16
344,13
11864,4
16895,17
3001,7
19195,11
3635,5
23150,9
17502,9
16405,14
34160,13
34495,5
18377,5
18988,13
24880,17
48302,9
33358,14
20732,4
22094,16
8638,18
35556,13
27248,2
15746,9
46404,16
23323,6
39018,16
23510,9
27710,9
30540,7
48945,16
37197,19
27343,3
29349,13
38383,2
46758,13
24859,3
18292,13
32450,9
35936,18
36789,16
19804,13
16604,9
585,16
29352,7
48392,9
44324,6
5012,16
19487,9
17263,13
26127,8
39464,7
4870,3
16171,14
308,14
19155,2
18736,0
43352,16
24652,13
44181,9
36237,7
30286,17
4019,5
20111,1
35543,9
25992,16
8275,13
49613,19
45149,7
38610,7
18111,16
35670,9
30349,11
12034,3
20729,2
11458,16
16423,7
47404,9
43875,3
43513,16
21894,2
9350,9
18519,13
4651,13
14831,13
32530,18
44131,7
36724,16
20264,2
4994,7
47875,5
1952,13
6792,2
44853,9
13807,8
14303,9
27449,13
20389,5
32028,5
9758,13
15295,3
14904,17
9534,9
46950,9
15648,7
44473,6
29833,9
3015,9
43675,5
3329,1
27359,14
18163,9
45238,7
2146,5
17194,5
15864,9
6084,8
44220,9
1843,4
4777,9
27182,9
47648,9
30068,13
36696,13
47909,6
19016,13
32683,11
224,6
2031,2
26715,11
23886,13
28724,5
46037,17
38683,3
19328,9
15324,9
20480,9
43132,13
25028,9
15859,5
13023,7
27838,2
3661,7
35313,13
45668,2
3070,5
20607,5
33560,3
43354,2
19935,9
45795,5
42932,13
42059,9
47601,16
31240,3
5339,16
8192,6
4831,12
9134,7
49500,7
45456,2
47506,13
43238,1
43910,5
36829,18
2771,9
14712,16
37718,13
5264,7
26273,8
48641,14
46990,7
26575,9
43906,5
30518,13
45950,16
15967,9
25115,13
15112,16
34860,2
32100,6
11239,12
809,9
9212,9
34741,16
29409,13
39986,5
21487,9
36981,5
19115,7
37110,13
36185,3
26244,12
18026,4
36961,13
14384,13
6039,2
31871,7
35841,13
16074,1
39180,16
19331,9
8658,5
49574,9
25237,13
6947,9
5309,9
35914,5
14715,3
47994,1
11508,12
41662,9
39047,7
22933,16
5016,11
49449,6
39029,16
1721,2
41864,5
17358,13
36847,13
34812,7
5486,16
2492,3
45624,13
7576,0
34773,12
16904,3
4279,13
38068,9
7370,7
23586,5
48790,13
26717,13
32749,9
42536,3
5372,5
37143,1
37244,9
27674,18
778,3
14686,5
9274,13
37769,9
12871,9
38528,13
32968,8
6275,9
4732,16
9452,7
29194,7
16627,15
5127,9
26447,9
11489,14
23884,1
14545,18
19620,7
9771,15
21265,13
38249,9
3483,9
21262,9
14605,12
9448,7
15750,13
6413,16
17585,3
10057,14
29462,18
18943,9
22591,13
32048,16
32249,9
39578,11
21724,17
27119,9
25094,4
41200,8
33033,3
21389,9
49103,9
12519,16
26913,7
12460,9
3397,1
3502,3
42877,2
249,2
46008,16
14185,13
20873,14
11722,9
24883,7
3932,9
25728,16
16428,13
7887,13
48364,11
47197,1
28640,13
16758,3
39135,9
33302,6
23677,19
25509,13
35746,12
46195,9
19788,0
18888,16
21153,15
44672,5
48707,11
2232,16
36081,19
948,9
24512,7
24382,7
40648,5
48886,16
21967,9
40119,9
38221,7
49494,2
17286,9
10421,18
13088,9
34348,9
15405,18
15218,9
40233,19
26098,3
17221,13
25198,5
22532,18
41563,16
2554,16
38170,13
29476,6
33384,9
5770,12
5628,3
44069,9
18530,6
22369,18
9498,9
26476,5
29939,6
9336,18
26377,13
18442,13
13470,18
34689,16
11016,16
28985,19
25293,13
569,16
29992,11
20363,16
6981,4
30154,11
39960,16
25975,9
4029,7
49081,4
7493,3
10393,13
6915,9
42310,5
15612,13
23160,16
37897,5
44731,9
3460,16
29855,9
31140,12
4481,16
30882,7
511,12
1120,17
42651,13
18209,8
38368,3
31783,18
37589,5
17752,11
37020,7
19503,10
2718,13
28365,13
45843,9
4514,19
4311,3
41356,9
12022,8
6846,13
8983,7
47589,16
14859,16
20035,3
732,18
38568,16
10871,0
42540,7
48782,14
17988,6
8147,12
32029,7
25598,5
8695,3
11213,13
21053,9
29154,16
33691,11
32129,9
43787,3
40642,9
39782,5
38430,9
33438,3
31602,16
17581,15
25169,4
35755,9
33544,13
34252,18
30764,5
44946,11
716,13
24668,9
24270,19
13165,5
33758,9
3090,19
43987,14
39021,13
44460,6
29876,16
17737,7
36772,7
18174,16
20924,16
39098,9
32571,13
26957,3
11363,13
20736,18
42639,3
43350,7
15451,9
45175,13
5652,15
1569,18
39036,18
13673,12
1550,13
38553,3
38594,13
3220,13
24686,18
10863,9
46683,6
5113,13
34967,13
15420,13
9607,2
7190,13
7482,9
3928,9
11288,16
1948,7
6590,4
20275,7
14212,16
47990,16
36653,9
22436,7
34790,2
45752,9
19159,13
14515,5
27510,5
38699,3
34959,5
7206,7
2316,9
18823,13
1909,9
48313,2
5844,16
29975,14
41091,3
9532,16
46569,5
10399,3
42934,2
2688,13
27095,13
12476,15
23070,13
9837,9
45829,7
31887,16
28518,9
47168,9
45321,13
20662,5
9699,18
41018,11
705,5
42898,5
633,7
31443,13
18613,13
19060,1
17845,16
1534,7
41786,6
31656,5
17330,9
7048,5
7938,16
46208,9
33759,9
5526,18
26943,13
20701,9
35701,18
36687,17
21401,16
376,6
6980,9
39402,9
43095,13
18576,6
39720,7
17526,1
27549,9
27123,9
22979,2
46113,10
31557,13
20414,0
14487,18
24881,9
17955,16
39109,13
35576,5
25876,16
24669,13
22261,11
832,11
29742,9
21381,10
34322,9
7224,12
17978,6
9438,3
9458,11
41045,11
34614,13
16651,9
8230,1
39372,2
39357,5
44341,13
42052,5
45208,18
28626,16
48345,19
37791,0
15227,11
24053,11
17716,9
6087,14
28000,13
4320,9
21783,9
16148,13
47562,9
31541,9
43574,16
45475,5
16953,16
5239,3
4595,7
37279,1
33264,9
30484,13
9200,16
7457,18
42413,11
18484,18
20985,13
29503,10
45242,9
46953,4
13948,13
1623,9
33251,5
6148,9
30392,16
144,3
20602,16
48085,7
14896,16
47518,18
29161,2
39363,13
694,5
3887,9
12671,16
31117,4
14714,13
29993,18
20639,9
17665,6
3969,7
11014,13
19530,16
17271,13
30457,5
22989,7
45756,7
20297,13
10942,11
35686,13
13032,9
7951,2
20432,16
17971,13
4128,10
7589,13
18816,3
12650,3
418,7
36366,16
32991,13
6424,9
8134,7
39280,16
3091,9
23382,9
34090,13
23320,7
14962,17
42047,13
44805,13
36584,5
3016,7
6391,8
38188,13
1784,13
18300,9
3856,9
41841,11
16837,9
23687,7
38118,7
27801,3
17096,3
20235,16
13288,16
26749,9
19084,13
35200,2
41073,6
28016,9
18431,9
22228,11
27456,13
325,9
6543,9
7062,16
49221,5
44536,9
24865,7
26543,4
10096,16
38273,7
6710,10
49243,9
19624,9
24435,2
14883,9
22516,16
587,16
40539,13
11208,7
18273,13
22762,11
13300,9
42245,9
14177,6
4184,14
14277,16
41308,12
34438,9
9805,3
38007,9
23919,7
13945,14
32279,7
17456,13
47941,16
32310,9
44442,9
14163,13
27573,9
777,9
44116,7
13347,13
29348,11
14219,16
39983,9
33682,17
21443,7
47642,16
1759,2
1205,16
4794,5
17408,17
34666,18
40237,6
13778,9
41289,9
3560,16
35830,13
11151,2
12789,2
21166,9
24716,15
25586,13
11046,16
31793,7
28746,5
7226,9
30991,16
47476,8
30626,9
49367,3
35754,7
4247,10
49423,9
22295,1
2749,3
685,5
30988,9
46285,9
40492,13
22264,9
15921,13
388,3
33121,3
35685,13
4416,9
17725,9
39525,14
27034,11
28470,16
38953,13
20045,16
12896,13
39573,6
8838,0
15399,18
39439,13
26837,3
41220,5
35968,3
24335,18
10983,11
5516,16
38894,18
11887,6
31306,16
38578,7
3561,16
45095,18
30969,9
14389,16
29670,19
40995,9
33629,16
10616,9
30886,9
18995,7
31098,4
34607,16
48989,16
44542,11
47075,17
19228,3
2685,13
11686,3
9610,13
30405,6
43666,14
32892,9
44741,7
6791,18
440,9
22693,13
24328,12
13800,12
23873,2
12767,16
5929,13
20645,13
20999,2
29995,11
35223,6
22414,6
23410,3
36558,11
13704,5
41952,7
46915,2
47170,16
2295,14
46128,2
48349,8
1482,12
26589,9
9418,9
31356,8
16052,13
43594,13
29099,7
23472,9
34914,9
19404,18
28299,9
12314,16
6047,5
37581,5
12750,4
17498,11
7694,9
14531,4
26628,13
8205,16
25101,9
29045,6
20917,7
8311,14
10213,11
15241,18
46132,5
15349,9
22580,13
47335,5
17759,2
27633,6
42313,13
47272,18
4553,13
15235,16
34102,18
21227,1
9782,9
6913,5
11944,3
19035,14
9848,13
42745,13
40846,9
27618,13
41067,13
13555,5
18063,13
16962,9
8415,5
19041,2
38889,9
32528,18
21750,9
11344,3
27945,3
37025,9
789,13
25084,3
6024,16
14741,7
20468,3
26963,9
1451,7
27745,2
31347,2
46592,13
38107,7
5987,16
1808,5
23783,6
28618,9
36764,12
11326,13
3020,3
24326,9
34002,4
11499,5
9268,9
49368,3
44720,19
13127,13
34494,9
48382,0
18585,9
40052,3
46321,8
49561,16
9453,13
19555,13
17833,9
10196,16
35996,7
22530,9
44176,16
2669,9
10896,7
7343,9
46255,3
27043,9
20998,16
12357,13
36339,16
45086,3
37690,16
37829,7
3537,13
5150,16
13,16
44579,16
8749,16
131,13
44306,13
19202,9
21300,13
27286,8
18297,9
4388,13
22234,6
7359,5
39947,5
6855,16
46057,5
33950,9
36009,16
23732,9
21316,7
32806,5
34343,10
11973,8
2380,13
30667,9
42364,7
30258,5
34109,3
5265,9
123,13
12498,17
23713,13
25176,9
28576,7
32563,13
38829,7
3835,9
1960,7
43991,16
45136,9
41554,16
10118,11
43827,13
32583,13
31949,5
23574,3
28211,3
21793,13
25914,0
34735,2
26071,3
9476,5
29443,16
16966,3
6457,16
25882,17
48390,6
28356,16
15699,16
2090,13
4686,9
27937,18
25560,13
38937,9
48670,16
2547,5
17442,16
28669,2
4410,13
36917,3
46755,7
25321,16
47019,3
33077,17
11593,5
44295,13
46632,3
18503,16
29030,16
32516,5
35128,16
41715,19
49185,7
35517,17
13909,16
36886,16
29304,13
29577,13
24570,13
29466,3
10724,7
30026,9
37133,6
29346,18
32871,18
46420,3
29083,3
4402,9
15877,9
33448,7
3541,9
27704,7
28658,9
23793,9
11040,8
28419,5
37086,9
13965,9
28674,13
5645,13
20756,13
15548,8
14495,7
11989,9
47482,19
14101,13
1289,13
49473,16
39161,18
14452,13
31489,18
15599,13
28440,9
33624,13
24090,5
16137,9
4819,5
1377,16
47636,7
25907,3
35894,13
20315,13
27199,10
34055,9
26938,5
5734,13
32241,9
2163,15
20340,2
6278,18
49404,1
36731,13
29165,13
24932,7
6591,7
14644,13
43518,16
28979,18
45821,2
26627,15
39139,11
3026,3
13204,9
762,3
28036,5
46514,13
34536,9
36484,7
5676,13
13715,16
43019,13
2471,7
34065,9
39362,5
4987,14
28414,16
8710,9
6610,9
28847,4
10560,7
32993,9
16912,13
35262,9
46936,18
14553,2
17471,12
22897,2
2789,13
3897,16
22751,9
16566,11
23033,16
30500,2
13018,7
13077,0
9177,9
16012,16
5293,13
35451,16
5591,6
44443,13
36811,9
7031,7
11475,9
5556,9
33728,7
46703,16
41776,9
4099,17
4251,13
29381,9
30300,3
27494,9
48254,11
32789,13
44569,12
44160,9
18762,13
23808,16
11875,14
35843,10
4948,13
34713,19
8352,9
28407,13
3506,9
44338,3
38464,6
1139,13
12287,7
27031,3
42153,5
42686,18
44415,2
10072,9
8618,5
14153,13
23825,6
21440,15
13366,2
24979,4
33437,13
4864,3
33017,17
15122,18
42731,4
8281,13
2812,16
30683,8
24249,15
12169,2
28629,9
32774,16
15181,9
44314,13
37583,9
28069,18
33503,4
24015,9
39333,3
13414,9
4855,17
6512,9
21974,5
9062,9
6243,9
10675,13
35788,16
37372,3
28810,9
23045,9
21296,16
33484,5
30045,3
17354,7
30061,9
41671,13
13160,7
43260,3
43992,3
16117,5
30403,6
37331,9
5456,16
26893,8
44470,5
38130,14
9361,13
19320,5
3545,12
25778,5
34074,3
34216,11
38817,17
20749,13
31535,9
2052,2
18186,7
49595,5
47592,5
26011,9
23403,7
8005,11
19517,7
10157,13
47071,5
22469,6
26224,9
29482,16
8227,3
12580,5
26385,9
49610,1
6446,7
1766,13
19538,3
44811,5
16844,13
28777,9
28282,6
15025,17
35345,10
21527,4
26997,7
40454,3
2828,9
18980,2
13604,13
9911,7
49684,3
5056,13
2990,5
32016,2
37476,18
33761,3
20280,1
19266,6
17492,9
29376,6
39788,13
606,12
28514,0
8497,3
14688,16
6514,13
22222,13
40303,13
23173,0
26842,9
38197,16
6680,7
11165,13
10077,0
10703,3
32046,15
40961,2
35596,18
1653,13
3886,5
14121,9
36351,19
32915,9
5386,4
40215,13
183,9
24641,18
47715,13
34390,2
712,18
12535,3
49435,15
30517,16
3489,15
1636,4
30044,13
24095,13
22105,18
24627,11
38840,13
9246,9
32088,13
38769,3
5657,16
15325,3
28603,13
42188,7
30446,9
1757,3
32710,2
2136,1
27690,7
35074,5
48873,13
39277,16
28708,9
45762,9
37933,9
4491,14
35597,16
15163,5
25745,9
49614,13
41946,2
6372,9
39604,16
42983,12
19983,7
21892,14
20647,9
47368,11
3557,16
41749,9
31498,9
19271,16
15640,17
26181,9
22491,16
31939,19
35961,9
9811,2
40599,7
40190,2
16581,9
22637,10
37123,13
36020,2
2226,9
43012,9
13134,9
18749,5
1692,1
10138,2
25235,7
13955,9
42655,18
12415,9
7502,9
27394,16
44210,13
5331,16
25173,13
48988,13
20735,18
22048,9
27644,0
43242,13
28368,9
2429,9
25477,13
30938,13
29877,9
30451,13
48987,18
17989,5
13439,7
33444,5
38794,16
37227,9
39679,9
34234,16
38038,3
7274,9
18018,6
11450,9
48160,2
21288,13
34704,5
46684,9
7049,13
9116,19
22485,9
6346,13
40269,13
35850,3
1429,4
19739,5
38972,9
39570,2
43463,9
21757,9
36070,6
40550,13
22914,18
15074,7
41576,13
46372,9
8751,5
47378,9
21143,11
3818,7
48486,13
23388,16
37216,16
13142,2
828,9
18468,3
25554,13
9863,9
12771,18
3066,9
35442,13
25696,13
38136,13
35825,9
28933,2
34629,16
22169,9
7028,12
37204,13
16980,13
27356,13
11736,5
1632,7
1073,16
8236,8
42866,9
30904,18
35258,9
17290,9
35929,13
46072,3
46763,5
47664,9
45625,7
31177,7
33941,13
12272,2
48146,7
11812,9
42795,13
14372,9
2964,13
9236,3
18992,3
30902,9
30939,9
20108,9
6562,18
46412,11
8034,5
37521,16
46651,9
32493,17
3251,9
31825,16
2676,16
32140,5
5326,13
38240,9
45874,3
17253,11
25292,16
48666,14
49278,13
47903,16
42062,9
27885,9
21229,13
47629,16
16695,7
5355,16
45369,13
25736,3
29882,3
38900,7
1508,16
2526,9
16563,13
49060,17
31448,16
36746,19
1280,16
41950,0
25948,14
35444,11
2881,1
44080,16
4446,11
47106,7
15521,11
44359,16
48967,16
1599,9
44514,6
7140,7
27656,2
35581,2
6359,3
41639,9
42680,13
31520,13
47846,13
7993,9
2996,9
27737,18
27427,14
3734,9
44673,9
43924,3
18628,6
3596,4
37666,16
14633,9
36259,7
19752,13
16697,9
9550,14
20813,8
34356,9
3583,5
14148,3
28329,9
166,13
12368,16
32261,18
35306,16
1414,18
45051,9
20767,13
23450,9
404,9
527,11
25416,19
25409,5
34603,3
20266,13
9513,16
7794,14
19429,7
11328,2
49242,13
40411,3
46424,9
1634,16
47221,18
3963,16
15515,13
6735,13
41899,16
36222,3
24468,2
9876,9
33614,5
42279,15
46846,18
34711,18
39556,0
1064,2
30080,9
6076,9
5670,14
44525,14
19743,7
36205,16
9030,9
39755,11
39434,11
37803,3
30053,17
11661,9
17918,16
44237,4
38536,5
47369,8
6108,13
16807,7
41329,16
33582,18
9570,7
47129,9
14268,16
8395,13
38977,13
22716,16
25753,16
12018,13
31659,3
21149,17
10328,7
33585,9
29192,9
46733,5
12887,18
24354,5
39237,9
19430,7
39895,9
34566,9
17889,12
40652,13
31395,19
35908,13
18341,13
17745,13
40560,13
25097,5
31430,5
25484,7
43668,5
2184,7
12106,11
25747,7
11423,9
22403,7
2880,12
15445,17
9825,13
31607,7
9341,2
2406,9
28466,13
8619,9
16097,9
11652,13
16852,5
29111,9
33602,7
35,13
47741,9
39820,17
25332,12
5720,13
19634,16
34851,3
14117,3
12195,1
33665,6
46228,9
15964,9
47502,3
41865,17
46055,5
8863,13
48658,9
42251,5
33164,9
24526,16
39431,16
3893,16
34175,16
6727,16
17230,13
24579,13
15873,5
3703,9
27030,13
9149,9
16152,13
49665,9
27036,6
8341,9
30384,9
32883,5
29047,13
31964,1
7011,9
46301,2
3495,13
11949,13
975,9
15529,13
15372,13
5176,9
13631,9
42028,9
4936,15
26471,16
43833,19
47933,16
38373,13
5780,4
46303,9
27308,16
10340,9
48900,16
876,16
10446,16
15082,13
31706,1
24885,16
34944,16
7917,9
5923,7
44272,9
41074,5
381,9
16053,9
37470,9
23027,13
42078,9
13183,9
14828,6
15394,13
46300,5
38963,13
679,9
34558,3
31528,2
45629,14
5034,13
35031,13
13237,13
42339,16
3911,13
20409,5
24741,9
18381,7
7572,6
24226,9
19945,13
31809,9
17903,9
48664,2
14122,6
3175,13
3403,0
11062,16
16629,13
11349,5
14353,13
25633,13
11424,7
36024,7
7151,13
12777,13
34289,16
13904,5
40792,5
11649,5
227,9
10396,2
6559,12
14195,9
21511,3
431,19
5651,16
20754,7
24905,16
16731,12
9006,6
43909,6
28526,9
31141,5
39787,16
35320,13
25077,3
2902,9
34305,7
6174,16
24695,6
12211,18
13227,18
728,17
21635,7
14011,8
5861,16
9976,14
49218,12
27684,13
11095,3
47314,6
41901,3
5859,16
3947,7
14030,14
10056,9
39408,13
35283,9
13994,0
36302,1
16113,12
47207,18
36198,19
21134,16
49070,9
8030,13
31802,5
36511,0
7785,9
38965,16
31453,9
43100,13
32307,5
45405,17
28532,1
16092,16
29029,14
5596,13
11369,19
37436,13
2421,17
22070,13
10600,16
11150,13
29257,9
38540,16
18998,13
39974,1
2159,1
19679,3
44146,16
36086,3
20676,14
39779,11
33522,18
498,9
45937,15
41501,1
44156,18
5643,7
35874,2
24413,13
47297,13
10073,16
4798,13
7802,2
3970,14
24416,18
13072,15
29046,2
12898,5
24957,7
18725,18
46929,16
23140,9
30516,3
34081,19
12927,6
44088,2
20785,9
16672,16
5400,9
30322,9
17272,9
9797,9
14795,13
7619,9
42124,16
23249,18
44158,3
17462,16
3580,9
9896,2
29669,13
30625,7
7685,16
7632,14
28349,12
4510,18
35383,0
18569,9
11379,9
9434,9
37774,16
33651,10
47017,9
31874,14
26733,9
20962,18
1467,5
11173,7
12949,17
11565,16
29756,13
25577,2
36779,3
10974,5
42163,16
15337,16
23242,19
7952,0
27424,13
3816,16
27190,8
43764,17
17714,3
30022,13
33281,6
43503,16
27385,18
2396,19
25387,18
1017,19
18852,3
14861,5
47487,9
46015,3
12684,9
12588,16
33061,3
38952,9
20915,7
34732,5
48656,16
38736,13
20374,7
18664,7
15638,16
10458,5
47980,16
43084,17
4534,16
26269,13
23498,19
5053,16
5010,2
49028,13
36714,3
21490,13
8448,12
49408,11
28982,14
20207,19
37751,16
42412,14
47466,16
40672,3
47821,13
42090,5
10019,10
45793,16
32933,13
48283,5
19798,6
41233,13
37147,9
26516,16
4305,5
30883,5
31677,5
25378,7
40122,3
20889,16
10994,3
29311,9
46431,16
17648,18
32111,3
15728,16
16960,7
23535,5
29667,13
31729,17
41910,9
13996,5
21089,9
32705,9
42847,13
26201,13
26813,0
32471,9
44990,1
17237,9
39403,11
15652,13
14568,17
44779,13
37888,18
9529,9
20700,16
17741,13
17475,16
12581,13
5996,2
29042,3
987,16
39819,9
31679,5
1150,16
39167,13
43037,3
20071,9
43815,5
31649,9
12218,14
32836,18
18175,16
48197,11
31474,19
46428,13
25246,13
2991,16
38216,6
14978,16
31085,3
34515,11
6026,7
19132,9
48775,5
29309,9
4033,9
36462,7
13235,3
17863,2
25694,8
24204,9
14541,11
13993,3
8996,13
9943,8
22707,1
35292,5
46886,13
11566,6
8272,1
30552,18
21033,16
42971,9
42275,13
44059,15
44159,17
48500,9
14617,19
7867,7
13913,2
40684,10
49174,5
34772,1
16738,9
11353,18
17429,3
6213,14
26682,15
42067,9
45944,16
43318,6
32084,3
23806,9
2721,1
6479,5
48519,13
12560,13
4171,19
14434,6
21159,9
44745,9
12965,13
39978,7
32514,7
1336,9
48649,9
21591,3
32813,9
5818,3
39944,6
33274,9
13429,16
9739,3
44031,10
25007,9
29143,5
41309,16
17675,18
5570,9
12206,9
33553,9
30898,18
23937,5
11454,13
16091,6
6058,16
18720,18
42018,10
3462,9
19617,2
18874,7
6416,3
15063,19
46292,3
38247,16
36427,13
47417,15
4768,13
11626,6
21027,7
22079,17
20527,3
27846,16
16236,3
46145,5
7761,18
34212,17
17180,18
4546,14
44474,9
37886,18
17842,16
27282,10
979,16
6895,5
4150,9
32995,13
8444,3
13686,13
8918,7
17569,7
19313,7
23833,13
4623,9
18164,5
45780,7
17994,13
12268,7
14368,18
19242,7
21658,7
32160,5
20931,16
30800,5
33829,18
29674,11
36367,3
40547,6
39583,16
18638,2
10010,13
7084,9
30421,11
24243,9
38417,5
5183,3
4522,5
29727,9
47928,16
11211,3
10117,13
26611,13
21852,19
41769,9
16342,13
13694,16
1173,18
12257,4
27392,10
20360,3
16090,11
31245,3
23411,13
46268,9
45488,9
39708,4
25281,18
9057,13
24917,16
49532,4
5491,9
33378,9
23340,9
13456,2
31952,7
39823,13
445,9
28523,9
32201,11
5612,10
44099,9
7608,9
30971,5
38223,13
43482,6
36483,3
9875,16
18378,3
9583,16
13947,18
8681,9
46374,7
47034,16
45643,2
5551,11
23694,9
32724,11
48999,16
5952,6
36593,13
48894,5
27066,13
9343,9
35625,7
22159,2
39883,16
20939,3
21471,1
2208,5
38731,9
10206,7
425,2
11081,7
48333,19
46536,0
25686,13
41323,1
30523,5
29731,9
23018,2
43425,18
43325,13
24159,9
2121,3
15876,2
11191,7
4338,13
4072,16
29363,5
29278,7
4276,17
47413,5
16670,2
31767,6
37741,19
45568,6
13871,16
15015,7
1536,18
1466,18
10405,13
15963,9
45075,9
2588,9
17070,5
14012,18
44422,16
14609,16
46913,13
5710,1
16086,5
48335,16
41667,9
20551,9
29812,8
32212,19
18,9
14823,3
30464,3
31748,6
8081,13
2484,6
41751,13
25020,9
6889,13
37348,15
27337,5
21625,9
43407,14
737,6
42668,5
36758,16
3528,2
40542,3
8277,3
22826,16
16937,16
8216,9
10738,5
11932,13
21240,9
14296,4
24128,9
44718,16
40317,16
22385,9
16417,16
19098,16
36846,13
10401,3
10602,16
16051,9
25205,5
45464,9
8956,9
23386,9
7691,13
21774,13
49705,9
34095,16
40336,9
44728,16
10843,15
21666,9
44202,9
17673,6
34724,16
32367,5
14479,11
46203,16
7485,5
24792,11
37601,9
11749,18
40459,19
6034,9
46184,16
8659,3
28264,2
40788,11
25901,13
6880,4
26443,13
27597,8
4679,9
27054,13
33316,9
28346,16
46206,7
9856,13
36740,18
38157,13
11701,16
43877,9
21737,3
17489,0
5182,9
47765,13
36916,19
21953,9
44316,13
37928,19
23423,13
26636,9
27428,9
29136,9
45677,19
35525,13
28707,13
4234,3
45606,13
6646,2
1733,3
31169,16
45279,7
14269,16
26266,3
15973,9
15279,13
33120,2
26073,7
25767,13
12044,5
822,9
13536,9
1978,8
3895,6
8427,14
16946,9
9005,3
42707,16
17931,3
2110,9
21611,11
48079,2
22441,16
43783,9
49514,1
26278,7
39096,7
36782,5
31016,9
41700,7
8046,13
14017,14
48126,15
48972,9
21200,7
37825,9
24835,13
38205,9
48460,9
29019,4
18799,15
23742,9
30089,7
1400,2
7025,3
19873,11
29374,13
45577,9
46375,16
28377,11
39019,3
16754,13
28648,2
32006,16
49138,3
14159,16
33747,5
49510,13
2118,3
14463,18
12299,7
16115,9
30854,9
41412,16
36655,12
31595,3
8225,6
47650,17
40681,13
43979,7
7934,18
45199,9
6851,19
4006,15
610,18
18142,9
34363,9
30475,9
35246,13
29020,10
27993,7
24921,16
22164,9
725,16
34349,9
48655,3
46658,5
28212,16
27714,12
6049,16
19836,16
33934,9
1338,7
21498,15
27005,9
40168,12
4877,13
15415,18
5545,3
20433,18
11634,15
25492,7
21017,13
22311,5
17808,14
30869,5
11794,16
26414,9
1450,18
17605,7
19789,3
25287,7
526,16
6426,2
838,18
38921,11
43956,13
16406,12
33285,5
45131,4
44192,7
36629,7
23975,4
46511,9
45907,13
22734,16
43589,9
30287,2
23900,9
11928,13
16529,9
25626,13
12962,13
19959,12
18195,9
37128,5
25730,2
40554,16
34484,2
17596,0
47805,5
8438,9
31594,5
2308,9
40522,9
42693,18
48848,7
44560,2
7700,16
43908,2
3930,16
20940,9
12360,9
23094,15
20327,6
34630,14
41264,13
25085,11
48479,8
31715,13
29569,7
39317,16
15719,13
4162,13
15001,3
12123,7
42748,7
41905,16
4484,16
30867,1
17319,13
13081,13
11899,13
13374,13
27495,3
18138,9
14851,7
16111,15
23947,13
5970,11
16594,16
5820,16
28254,2
10280,12
45113,13
26103,13
14985,9
35731,13
30031,16
27627,9
43874,13
14497,9
45524,7
42287,7
5922,3
25698,1
19355,16
24250,3
11355,3
40719,4
17155,9
4387,13
21848,19
45934,13
14669,9
7153,7
19848,13
7324,13
11419,5
42599,7
30771,7
28371,9
33112,9
49146,9
40340,13
10502,9
47056,14
41269,7
3350,18
23684,18
20727,13
23099,9
49125,9
24362,7
44077,13
22428,0
34271,13
24892,16
28073,9
37462,9
12,9
49513,5
43115,9
44461,16
41691,13
24331,5
34010,5
33379,9
22653,9
18136,9
47396,4
373,7
28717,8
41036,7
23119,9
22546,9
29176,7
36192,15
41978,9
16397,7
22951,9
35400,9
18095,4
12517,16
37493,9
3927,2
1147,9
1370,9
18935,13
10993,18
4693,13
10439,2
17130,9
1815,9
871,13
18587,16
34251,9
12739,3
36588,9
18833,3
47216,13
9988,13
31994,4
47730,18
23665,16
36099,16
20308,9
36430,1
19185,18
12413,3
35605,16
20708,3
19801,2
32603,9
22243,9
7244,16
37724,16
22988,13
41278,2
2244,16
5,13
32270,5
7837,18
28188,0
41484,6
4767,13
13508,13
6806,16
26307,18
33387,9
9764,5
4815,13
42662,3
41477,13
6417,13
22285,13
49476,9
26084,12
44742,16
19022,13
32578,9
10514,9
13815,17
19472,9
7373,7
23280,5
11559,4
12765,11
40511,13
40858,2
24236,16
16187,3
42423,9
32296,3
44908,13
2833,4
25142,16
7268,9
5582,17
25289,13
2838,7
10185,7
45665,9
38764,16
33129,9
18427,16
15256,12
6477,13
30986,13
25978,16
5957,12
40329,3
11071,9
48793,4
5115,13
40723,13
41245,3
6240,13
4699,13
13769,5
33336,18
4811,3
18127,13
42772,6
45102,6
26926,8
47055,3
15650,9
26966,6
45230,9
44400,3
26203,7
21311,13
11945,9
25732,8
39567,5
25575,11
7211,7
13410,13
173,3
11563,3
38716,11
32625,9
22638,19
23818,9
8596,4
27471,7
28233,9
47682,7
20385,9
12567,2
43903,13
4925,9
7818,13
35051,16
4586,6
20743,13
16369,12
13883,13
38849,19
26017,9
24719,5
15767,6
30007,9
34297,2
30597,9
25578,13
41719,16
23913,16
11153,13
39196,7
7338,13
21090,16
25451,9
5482,9
23031,9
15926,6
28527,2
40828,16
42196,9
39387,17
28870,7
15503,9
36678,9
38576,9
16192,3
25622,9
12687,3
48280,13
47405,9
15140,16
20579,5
30880,5
39040,7
17487,2
3762,13
20910,13
19072,13
39412,0
28679,7
7314,12
34143,14
5594,16
24503,2
28432,3
21054,16
11965,5
30692,3
9901,9
37008,9
25505,9
10740,5
21791,19
5539,3
19680,9
24129,18
8351,13
12701,9
12042,3
26441,7
21399,3
43615,17
12283,13
32715,16
24499,8
9035,11
22563,16
28467,13
41765,1
38064,3
31087,5
23005,13
25806,6
37930,6
10879,11
40080,16
11216,6
42099,9
27377,13
4453,13
9001,16
27383,6
18472,19
22313,8
31709,18
38931,9
5261,19
17530,3
19071,9
42108,16
7099,3
10678,13
226,17
16283,13
42538,9
7991,3
6127,5
16011,8
5664,19
19882,9
48540,14
45897,7
46935,5
738,7
25990,3
15397,9
17496,16
29458,9
31331,11
17562,9
12661,16
35726,7
34728,12
32619,5
14510,4
25391,13
34723,16
28055,9
15498,18
42070,16
26506,19
35888,7
40255,4
2943,9
48785,1
8979,14
27068,13
19842,0
28677,19
27565,17
35410,9
6149,5
45188,14
33341,16
15024,3
35126,7
19020,13
9491,5
40281,7
34120,18
6504,12
8285,9
21811,9
24014,9
5134,13
7360,14
47692,9
41845,6
34326,9
19249,2
6843,1
15897,7
17032,14
16293,6
9128,19
40249,7
33418,13
38161,12
24973,3
30725,17
46619,5
16252,13
4516,2
3652,16
7704,14
18104,11
39865,9
22207,9
29362,5
40422,9
5285,7
36114,12
26586,5
49698,16
27718,5
36219,16
30609,9
44118,13
30917,9
37880,16
43301,13
21584,3
8328,16
46508,13
31063,13
17264,13
586,13
19414,18
10375,17
29177,9
949,9
28118,13
4160,5
24882,9
13571,13
11532,13
6928,9
31998,9
22741,18
13915,16
48633,9
1011,13
17649,15
32786,7
18615,16
48257,9
11599,13
43063,9
14526,3
37125,9
8063,7
32934,11
12139,13
33392,3
8538,9
47527,2
33955,19
8088,13
33306,6
22004,13
49699,13
45344,12
8924,9
8965,7
37812,9
26605,3
1499,1
41392,11
2338,2
48685,9
39463,13
16150,4
42577,9
761,7
43360,7
47783,13
20532,7
11963,9
41456,9
20446,16
34645,16
4238,5
49502,16
6451,3
18981,12
35385,7
2459,9
32884,9
4809,5
14992,2
36732,11
33064,13
16264,9
46857,12
7003,13
20492,2
25654,13
10849,18
29207,7
27412,13
47264,13
24155,3
49484,11
36541,5
49339,13
25840,5
14136,5
45538,13
31716,13
35893,16
20742,12
1158,2
7742,16
14846,13
27770,4
41274,11
43871,6
24983,9
37305,3
18545,5
41013,5
15782,2
3892,17
16005,9
38901,13
40350,13
40268,18
11941,3
32193,9
6438,16
28612,9
34937,5
18750,16
44983,5
8662,9
10026,9
784,16
28879,8
5707,18
45299,13
40004,9
7800,13
20166,13
48006,9
20841,1
23893,6
20164,1
45206,13
22864,13
46996,16
16927,1
678,6
1317,13
43897,11
24269,13
11316,13
1902,3
46191,11
31549,18
22391,13
19490,13
8356,13
45697,7
47308,16
46898,13
14830,7
3738,5
33149,5
36390,5
10543,9
22597,7
49045,13
26531,18
38356,9
31739,8
28912,11
42828,0
3903,9
44976,9
28573,16
44215,11
35636,7
10709,13
44787,18
3263,13
36111,2
38476,16
28105,2
43568,2
6441,13
45081,16
8666,6
35983,3
14186,16
10143,5
2448,5
26012,18
48776,2
39833,9
12533,16
13637,9
5998,2
28339,1
26881,16
40945,16
36422,19
40041,9
38541,2
35240,2
44367,13
18043,9
35014,7
30069,9
16713,13
12339,3
12234,9
12453,16
22609,3
44725,16
29732,18
44392,16
23798,7
24772,13
12345,9
23309,12
40450,14
28710,9
8336,14
3554,12
5668,16
34033,16
20513,13
1130,6
30203,13
46316,9
29023,19
22289,18
49330,9
32512,14
4554,7
14947,9
33667,16
49000,2
31457,7
46254,16
37570,9
5605,9
24507,7
30816,19
32852,13
13107,19
20463,5
85,5
27025,13
40983,2
20113,9
44284,13
16999,16
35662,3
14382,5
40297,11
32630,13
7264,9
14867,17
18802,5
3985,7
35155,9
17760,0
14474,7
28666,16
38277,13
7931,7
49649,7
8266,13
29725,13
20460,3
4097,17
44710,9
6344,13
11194,7
44716,5
34191,9
39699,7
14929,9
47451,9
24368,13
884,13
5137,6
38574,5
48792,9
49132,3
5669,2
37952,3
49298,13
41405,16
34909,16
10767,11
5721,9
27292,7
18692,3
27907,12
45127,7
33534,9
26,2
13068,18
45579,13
28956,5
1201,7
43090,13
30197,1
27762,9
43057,9
24887,5
43916,2
544,19
10438,9
9331,7
649,13
32577,14
36873,9
48446,18
28909,13
1999,3
42137,13
48503,19
49033,11
1053,9
5535,1
21864,5
21042,5
3321,7
16337,9
22885,18
4020,16
41425,7
2830,18
26570,7
19943,1
17114,11
6009,6
43791,9
13681,13
11385,3
21875,3
32449,3
3924,10
8799,5
1989,19
23288,1
23920,5
46349,13
44238,2
31337,11
14492,4
18368,6
13781,2
42371,3
20640,3
48955,16
46955,13
30032,8
3103,11
19597,13
23435,3
31446,11
33791,12
23813,13
14538,6
35181,16
6246,11
40850,13
32080,9
781,7
7679,7
44640,9
17645,6
12454,11
28430,16
6876,17
48868,9
43333,2
9807,5
27843,16
45089,16
41811,3
28131,4
23394,19
29599,5
40086,13
20013,9
18134,4
48291,19
30903,7
2777,6
3630,16
37511,16
26835,16
7201,12
20442,9
19136,16
40878,13
1177,3
43121,2
11307,16
37617,7
25583,13
27863,7
17830,7
18267,3
29923,2
27827,5
4616,13
9979,7
2878,5
40101,19
13411,7
9683,9
48733,16
27233,18
25926,4
22098,16
16095,2
15839,9
10882,5
44004,16
45224,12
40285,16
20598,13
19307,9
14899,12
36512,15
37453,5
4319,9
28718,5
44611,2
26031,1
36988,16
24182,11
4727,9
25982,16
9544,9
48030,3
47789,9
16245,9
12440,9
32989,9
10582,2
23028,16
45653,9
46888,9
20392,16
13453,3
1300,14
29343,1
27423,17
46977,1
27479,11
37899,9
21177,9
45590,5
46775,16
45416,7
23039,7
26308,9
23306,2
42367,11
41379,13
16715,5
33712,16
24136,5
26094,9
2212,4
19672,9
42872,13
36661,7
26319,6
263,9
13942,7
43311,13
12743,5
7519,13
35601,3
44197,5
8617,1
6573,9
13377,18
31725,3
13042,12
2701,16
38137,7
11356,13
3202,16
15530,5
18012,16
22683,13
37199,7
5169,9
43401,9
7246,2
36491,9
40868,8
8084,9
45914,1
32344,1
27508,16
27323,7
29576,9
13998,4
28214,18
2918,6
19918,16
44955,7
7007,3
32164,15
20929,3
10380,13
28015,7
24501,15
37257,3
17772,13
7977,16
24949,3
9467,9
18520,13
48539,13
11435,13
44041,5
44022,13
19010,13
18395,13
35008,9
45807,13
27065,18
460,18
22725,9
32575,2
10099,9
9431,2
9493,19
30423,5
11861,10
22632,7
32893,19
5868,2
3938,13
17724,13
4075,16
24174,16
34798,9
9407,11
4008,13
6472,13
43384,5
47289,3
27905,16
9628,7
41613,12
8128,10
33224,18
21571,9
41246,18
48240,13
46816,9
45778,17
13798,9
31606,16
43293,9
27725,9
7614,4
24798,9
16256,13
10296,13
46895,16
18706,2
25895,3
42986,7
42194,16
44727,7
2381,13
7850,14
21066,16
1427,18
30832,9
44593,3
35604,9
42802,13
30307,6
8893,9
43086,16
278,16
48861,9
9641,14
18801,5
13009,7
42823,9
3954,13
49035,9
34278,19
25941,4
38577,8
37973,1
813,9
29444,16
30058,5
34601,9
42370,9
9228,6
12638,16
37549,5
19802,2
30931,11
22179,3
44664,13
42631,14
23407,10
30557,19
28888,9
326,18
47891,13
22600,19
24737,2
11278,2
42285,9
18700,18
11577,9
5218,9
13220,8
16992,7
22967,3
16610,13
46382,12
28228,9
18123,9
25348,9
48051,13
26379,18
38821,2
44418,3
22932,13
17089,9
17307,12
8828,9
21515,17
41525,13
18627,9
8423,15
17848,9
12762,16
2524,13
15334,2
3322,16
5367,7
5255,0
9150,14
22599,9
7368,13
25212,4
29633,9
26841,13
20127,9
4992,9
35021,9
47863,18
530,17
1974,14
3006,3
23010,3
21593,6
11204,9
3363,9
33675,16
38682,18
46627,16
12852,9
37503,5
20805,4
18925,13
27954,5
20154,13
11714,9
11134,13
29380,6
19736,7
10476,7
4136,7
36681,15
35006,16
36876,14
10774,16
27429,7
9455,11
5774,13
48634,9
37245,14
17279,3
9366,9
26166,16
5247,16
41148,6
19055,13
2229,9
27352,5
24718,5
17647,4
21324,13
4946,12
21404,0
6849,5
4572,5
48468,19
37152,17
825,19
47537,19
5072,5
18872,18
37657,17
39345,16
9604,18
5363,9
12065,9
12366,5
15642,18
20213,7
16381,10
25412,13
34973,10
13475,16
24334,13
4428,13
7273,9
35903,17
41592,9
44689,5
42405,9
6995,0
2577,7
48095,3
6623,16
22733,11
36104,9
23779,13
46697,0
47965,16
17225,5
37106,7
12615,7
36033,16
45146,6
45800,7
30163,16
12660,13
11490,10
40192,3
21436,9
48613,3
1628,13
19953,16
44451,13
45922,13
4804,16
1751,16
26520,5
39367,16
23616,12
38862,16
21414,16
2452,6
27591,17
14224,19
36691,14
15391,7
11104,13
16206,9
9156,5
16344,13
33295,3
47513,9
5352,16
28741,5
6847,7
36463,19
14838,5
37311,5
6347,18
47812,5
34919,7
14812,13
11772,13
44916,9
2014,7
13041,11
40815,9
32713,9
38272,13
30770,3
22254,9
45828,13
49113,16
37876,13
30219,15
3111,13
33267,9
35742,11
15890,16
10968,13
45879,9
18676,9
29425,9
27055,9
19485,5
47644,16
1988,13
21210,5
3792,8
9071,18
25703,13
25404,9
5791,5
35221,16
33813,7
21441,0
10503,16
17270,12
17560,16
25735,7
34818,11
2970,14
39582,0
22358,13
2864,7
15823,7
31475,7
30636,3
28962,11
45813,7
4000,16
35530,3
974,9
12382,2
7347,9
26496,9
33767,13
48412,12
40496,13
37961,3
6571,3
49304,13
34097,16
10646,13
44083,3
48463,9
1063,7
30583,2
26237,9
8680,8
32752,9
23273,13
5717,3
2579,7
45463,9
38241,13
30514,13
13101,9
19210,2
26502,2
46982,1
21905,9
46699,2
15406,7
45763,13
721,16
32708,5
38004,13
17682,13
46596,3
48682,6
31605,13
38031,2
18179,9
48663,5
36353,9
4550,5
35488,16
33342,13
25731,16
48838,7
39653,3
33286,18
21344,9
37156,5
20611,16
8869,13
44038,9
42754,16
23823,17
13596,1
45059,9
46483,9
253,11
4053,9
8559,6
7844,9
9188,16
32548,3
26083,15
20244,0
37673,13
668,10
29434,5
16805,4
45658,13
47594,9
7452,15
22645,17
42522,13
23363,13
35610,5
37631,10
8879,7
38337,9
19826,7
8844,16
6484,3
45118,16
22731,7
20793,3
16487,7
24490,3
15889,13
22935,9
3143,13
48510,11
35910,9
17474,11
32396,13
24714,9
36160,5
20077,9
28828,8
42205,3
36725,13
10316,16
33623,9
39291,13
49350,9
14699,3
21702,9
41906,13
4489,13
24409,6
29332,7
8337,6
918,16
12435,16
48231,9
28383,10
4545,13
13102,9
33947,13
24615,9
49589,11
41481,9
38905,13
19812,5
6160,9
38993,16
34354,16
31246,13
35369,11
21637,16
49617,6
23003,9
40683,9
17920,16
18021,16
46780,3
1684,9
1953,16
15537,3
2489,13
34708,18
47554,0
30298,13
23459,17
2593,2
7216,2
35883,13
27039,3
47957,13
7815,13
5270,9
10768,13
29740,7
3068,2
29535,13
7182,13
7796,16
41409,16
39671,16
28559,9
32146,11
23439,9
31391,9
42855,19
11813,13
48272,16
12263,3
2787,17
16385,5
42523,13
26150,16
17544,16
29802,5
4294,16
12696,16
9075,2
20159,16
31282,15
13057,9
26814,19
23909,4
27882,13
43452,14
40246,13
8493,18
13302,7
25606,13
14808,12
40265,9
13155,18
28097,16
32076,14
36969,18
13698,6
38513,16
15605,10
47688,6
22326,9
43488,9
10245,13
16145,18
9985,13
37746,13
41400,1
26614,7
5327,3
13015,6
13811,4
10180,13
8164,9
47951,0
42025,2
10865,5
16815,13
1025,18
42784,16
18319,8
34353,9
44922,13
16240,9
29745,9
2336,13
17294,3
1449,6
30410,9
43341,13
39594,16
8543,1
27176,16
36562,13
23285,9
26787,13
6506,5
8552,6
46196,9
22828,2
43621,5
47602,9
14329,9
2924,13
5741,13
10485,9
12878,16
21771,13
21059,9
4148,16
21537,16
45452,11
15489,16
46585,5
18791,16
40072,5
17587,7
7758,3
2853,16
18218,7
21720,7
20872,13
22022,14
17887,9
11422,7
28294,9
17435,6
43716,17
40489,11
32770,18
16078,13
46460,10
12472,3
14100,11
14120,19
40951,5
30897,9
16708,13
13341,7
49029,9
14064,11
1668,7
28769,16
7239,13
25963,3
34427,15
6520,5
10300,7
1232,14
42870,12
33802,9
46501,2
32949,6
4085,14
30682,9
47315,9
28249,16
1084,17
25559,1
30714,2
13272,9
6781,7
43462,17
8440,16
23799,18
42977,9
20214,11
19527,16
27604,5
15134,13
21241,7
3240,5
19794,16
37385,3
5783,9
30232,6
26019,16
48921,13
20762,9
30226,3
4783,16
45445,5
35042,13
33632,9
38332,9
32651,12
19338,3
28320,13
1488,3
33940,13
2539,9
29026,9
25889,13
23589,4
12933,7
29127,16
3207,3
45732,3
47696,6
30481,5
45419,18
11406,7
42319,5
35370,14
42436,13
27895,9
1645,3
8787,7
7461,18
29368,16
29881,3
32040,9
7843,16
6254,19
7747,1
36361,6
31378,2
27634,13
48903,3
46841,12
47660,2
37772,9
18485,16
36815,13
45159,5
30140,16
5126,15
15363,11
169,7
14652,16
42988,4
26067,13
22917,7
18652,9
42035,3
39445,16
41203,9
27623,9
142,13
27341,11
41923,13
49169,5
16288,16
9043,3
49711,8
21753,18
40211,13
48168,8
29426,13
45945,9
33165,15
40521,11
21437,6
47064,3
47807,5
32414,13
11265,5
27139,16
39830,13
36628,14
42118,3
5928,16
37463,4
36066,6
16508,13
11464,6
17321,13
5914,3
19438,13
47580,9
29886,2
35229,13
39538,9
10650,6
48346,12
44205,5
877,7
40408,9
4172,3
1663,16
29813,9
3292,13
6288,4
37606,9
26786,11
2040,3
38025,16
10171,16
24997,9
21397,9
1217,9
38381,13
1409,9
15901,15
42619,13
38670,9
13511,8
45294,14
41236,13
33370,11
9032,9
26182,13
21629,3
19518,13
11588,18
3716,7
47711,12
47286,2
28877,3
40039,11
9224,18
24373,6
45305,16
30758,16
48652,9
24586,16
26338,9
1670,9
37582,9
48132,9
46066,9
34164,15
66,13
11006,18
28726,4
13320,13
6574,12
21779,12
42114,9
12197,9
35257,9
37169,9
42169,12
16124,13
6352,5
47452,1
7839,13
5569,16
30849,18
25544,16
4887,9
11538,18
35958,17
31577,16
12233,7
43454,2
26373,13
43145,9
5308,9
23614,3
36948,3
12315,11
30020,5
19231,13
38534,6
45750,5
48778,3
20026,13
22978,9
26662,16
46218,16
39341,16
38395,6
18871,16
12468,9
13360,3
22233,1
30352,5
13345,17
6330,7
12867,9
35225,13
33826,18
36993,13
44847,3
10197,8
28737,3
25095,7
14063,9
811,16
20335,2
30826,18
4452,13
30862,9
10282,13
47567,7
16553,8
5045,5
47528,13
3979,5
17254,9
6293,5
42706,16
47432,16
45496,13
25936,17
46258,14
36625,14
4642,5
35698,16
19996,3
10388,12
36298,7
43253,13
1089,14
47,7
257,9
16979,18
31697,7
49012,16
7592,13
44884,9
41859,9
9969,9
45041,7
48098,9
27238,5
4466,9
11350,9
30506,16
439,4
4342,3
47474,5
25254,18
18255,5
9547,3
3889,1
26976,17
19218,7
31837,9
27254,14
26282,14
5443,3
11516,19
23265,16
49204,14
14502,13
22711,16
27402,9
4743,9
13632,9
46530,9
12173,16
44493,3
14241,18
3151,3
17375,9
26969,12
42219,13
49466,7
7994,16
16972,7
44688,13
25657,5
40806,13
10201,16
47124,9
24523,16
34597,18
32015,16
46696,11
49239,13
28501,13
37207,9
38224,2
18565,9
46164,10
4052,9
28544,6
10961,11
15916,6
36744,13
41984,9
48278,16
25010,13
21242,12
30310,2
23801,0
29614,13
34667,16
48159,13
20747,8
44625,9
7173,16
16676,14
3667,13
36594,7
26511,13
19351,5
48982,16
27934,2
22595,13
7256,16
4306,2
41919,9
23236,13
7329,18
38382,7
42257,3
17600,13
40730,16
1192,16
37189,19
2913,16
7118,9
42223,13
25690,3
8267,18
35989,7
774,5
23158,18
12071,2
26537,9
49537,7
19990,5
27876,18
20823,18
31393,16
23239,13
21141,9
43585,16
30493,3
42985,17
31089,6
46974,13
40018,3
28153,9
10967,12
14240,13
24871,16
16258,9
28001,8
49299,16
47808,16
37960,5
34733,19
48741,16
10230,16
46275,9
17152,1
36201,5
16907,16
3244,5
11434,16
22402,5
26624,13
21558,16
4847,9
17174,9
21995,6
27335,3
14696,13
48923,4
32508,13
36585,9
15904,10
19319,16
17017,9
35561,3
45518,9
6489,3
14423,3
26068,0
32687,1
18684,9
25918,17
35353,0
37689,18
32830,5
6984,10
29526,16
42546,11
30742,7
38469,9
6678,9
17413,13
20110,13
43229,2
27133,4
48411,3
11098,3
18024,13
22540,9
1013,13
35057,17
20177,3
26323,18
4227,9
34461,18
4540,6
36457,12
37262,5
16041,9
25790,2
26546,2
5295,7
26689,3
11129,9
42373,9
15183,9
20054,7
22088,9
26034,2
7442,14
39855,19
16795,7
45938,13
21187,4
24985,16
19293,16
35190,6
48511,7
24429,7
16069,13
46173,7
33861,18
17499,9
29095,2
27355,17
23,9
14299,16
15939,12
26371,16
1544,7
15996,2
28808,17
28521,18
22276,5
45421,7
1388,16
16838,18
4167,18
19525,7
9051,7
13537,7
34265,16
28948,16
11263,18
42791,19
37584,11
49538,16
20135,9
46558,9
9349,11
10859,9
9623,19
3610,19
29537,3
35360,10
22957,16
39629,3
15631,5
24105,13
15747,16
48668,13
46662,9
38318,2
48588,9
44549,9
37552,12
19931,10
23871,12
23762,16
25303,8
11340,13
13980,9
7656,13
47486,7
22621,13
9479,2
13281,13
22624,11
27542,13
5778,16
48800,16
744,5
27747,9
15511,12
39843,9
40129,4
2236,9
42882,10
2860,13
12167,19
44860,5
38237,16
27239,16
20091,1
24091,14
13303,13
17,9
16887,9
31862,18
14437,5
35092,9
47641,2
10067,13
15037,3
20058,9
16841,14
35002,13
17689,11
13224,13
18356,2
10950,9
37642,13
1801,13
36059,13
5105,9
18460,11
26501,3
31066,13
15589,7
5933,9
31444,18
42571,9
10448,9
11830,11
7223,3
46537,16
27269,13
44139,13
11162,16
38781,18
25429,5
3987,19
3063,13
392,17
656,13
28508,16
42332,16
41775,13
14167,17
1555,5
24872,13
40323,9
28209,12
8772,9
33557,9
15016,16
14866,0
1638,9
37006,19
29914,16
797,18
4209,16
34027,19
15378,13
25802,3
21683,2
30958,9
5558,9
29792,18
35869,18
24364,13
35401,9
1820,9
22651,5
39614,1
41834,7
21043,16
14615,13
47588,9
38983,13
31441,5
33455,16
25078,9
14162,5
14603,5
40713,9
43872,8
29222,16
37701,13
33720,18
43660,17
44613,1
12178,13
45641,9
42803,9
47145,5
21925,9
17233,5
28029,8
2601,19
45781,16
37326,9
46034,6
12813,11
29934,17
29247,16
48076,3
11352,5
42956,3
32918,9
607,1
7801,9
45246,16
31901,3
20449,11
19367,0
41457,10
12159,14
48164,5
48884,13
33137,18
23778,1
17154,11
49078,2
11125,9
4280,13
33377,19
15884,13
44340,10
25351,5
23271,5
36191,13
48074,16
47618,13
20153,9
40548,7
22858,13
6224,6
31972,9
4190,16
22066,13
45809,13
16888,2
41177,5
2585,5
34835,16
27465,9
32614,9
23845,11
8345,6
15313,13
36741,11
6845,8
24184,9
10632,13
46732,9
7328,13
37610,6
39472,16
26291,16
30621,16
5188,16
29760,13
45337,15
31663,15
3965,10
19981,9
23268,16
39421,18
19286,16
33493,3
18035,9
19669,3
6073,8
10457,8
24605,4
37873,13
3753,16
8218,16
28513,9
40161,13
35777,5
38159,3
20380,9
20309,9
22178,5
44534,16
36812,9
771,9
14453,15
37861,9
40670,3
33687,17
11720,3
41612,0
27089,4
18732,9
46522,9
44217,3
10202,9
40090,13
9314,13
38428,9
25439,2
39775,7
13463,11
21501,13
47894,18
6270,3
37860,12
21988,10
7205,9
12797,7
45258,18
30940,13
9264,9
14576,7
28890,7
20128,9
7330,13
20464,3
19619,13
37972,19
41015,9
47310,9
27652,2
42503,13
19581,9
20539,9
13159,19
45674,9
25381,3
17734,13
15502,9
1949,13
7784,3
23870,16
42,6
34881,8
2680,8
10299,5
3737,9
42343,3
21785,9
8581,9
42710,7
16804,9
37626,6
48805,3
2746,13
24899,7
25649,13
6723,6
34402,19
3080,18
26264,16
37408,16
117,9
34481,9
43553,9
39747,1
30499,9
19980,11
32277,9
36165,3
2649,9
17428,13
31069,9
26188,11
8944,13
2473,13
14931,7
21552,9
13444,9
46119,11
37942,13
32162,16
36605,7
48647,16
12709,7
1405,7
34269,9
31633,6
29169,13
10732,13
40433,13
30014,3
48847,13
26587,3
36983,9
34931,13
4244,13
16864,16
17047,7
34698,13
44532,9
23604,9
27463,7
34501,9
13649,6
988,17
27926,9
40240,2
18053,16
22028,9
39276,9
39745,9
30015,16
22494,13
12204,18
43428,17
45026,19
28904,16
25853,6
25684,16
31720,5
9748,4
34476,3
32266,9
46371,13
27590,13
38339,11
18848,9
14586,9
32960,6
16071,17
4465,5
11751,9
17484,13
12431,13
14316,9
350,9
8350,16
8150,2
12811,16
29552,13
15059,1
30181,19
5940,16
3558,16
1301,9
36040,9
17620,9
34863,9
22221,18
43531,11
29487,9
38609,3
35173,16
21574,9
17311,7
24821,18
9045,7
41741,11
37423,9
32994,16
1745,4
48841,13
44365,8
48137,13
32281,13
28754,11
8846,14
9325,9
23826,9
3729,5
32854,16
24634,13
35683,16
41237,13
14264,6
14540,9
34479,18
43676,9
4334,0
45219,16
38586,9
18898,16
9186,5
23776,7
12057,9
7286,7
17178,13
29828,7
39864,16
45033,9
5234,5
5148,12
17511,5
11619,9
18537,13
8098,11
665,10
3284,9
33577,16
582,9
23054,5
1107,13
44356,16
11102,5
10639,11
32597,5
3225,10
10069,7
1725,12
22430,16
11695,18
1996,6
4363,8
22108,9
24945,16
18023,5
38926,6
47046,9
10334,16
47439,11
6390,4
25613,16
941,13
23577,13
37256,7
23274,7
5266,9
15242,3
10095,0
6494,3
18939,6
9909,13
37592,9
45816,5
5794,7
48883,6
22861,7
30746,0
43915,1
15762,9
2193,1
22184,4
18771,9
39251,7
33808,7
31324,2
23025,4
6685,9
8806,9
45128,7
47906,7
16457,3
41292,16
11479,16
31614,9
12477,9
23867,7
5114,13
48589,3
20323,7
24453,7
10894,9
22331,9
39611,16
43758,17
3677,18
9868,5
7365,12
36795,5
47681,16
9738,9
1975,5
21202,9
7444,13
35829,5
4093,13
14822,16
21688,1
38816,9
27283,3
7176,9
24786,13
34405,9
635,3
7364,9
23908,3
35214,3
49205,13
18914,7
15346,16
23098,2
46704,16
11788,9
41012,13
34837,16
5497,12
13835,9
39134,8
42029,16
12570,16
27268,9
23854,5
45995,3
4377,12
18561,18
11215,3
45362,3
24466,6
36425,16
48902,16
11196,7
6030,13
37762,9
29460,9
45798,13
31388,4
37731,9
18867,4
9122,5
17542,13
22349,9
44970,5
35984,7
30711,13
30977,9
12105,11
22538,5
31376,9
7125,9
16878,7
26002,9
35469,13
20587,13
41172,7
46381,13
22031,8
45673,13
6003,16
9798,16
19125,19
1932,17
9091,5
42088,13
22797,16
30950,9
31545,9
31409,5
32783,16
3096,9
40650,19
3133,17
12746,2
26859,9
7415,9
25636,13
45735,6
2629,13
18969,9
24320,3
43959,9
20094,9
47316,11
30590,9
4974,16
26792,13
27920,16
30368,5
37035,5
49117,13
12891,9
7148,19
22433,3
14863,9
15255,7
18172,10
34497,5
16484,11
23341,7
30034,3
11474,16
28817,7
32402,16
2511,12
12043,13
33713,9
19924,13
768,3
38569,13
19134,9
29710,9
5489,3
1535,13
11779,9
42927,3
19975,0
44318,16
5063,16
20722,2
7340,15
38333,5
18475,16
28125,11
7617,13
9674,16
41087,13
15430,10
38896,7
42133,9
19220,18
1576,16
4293,13
8292,9
9704,16
2675,13
1664,7
4488,6
46837,6
42167,11
46449,4
26984,16
26665,16
40053,14
10691,7
47916,9
10955,6
13514,16
22487,2
34831,16
23650,5
34852,9
28749,9
5536,9
30894,13
2366,16
17105,2
15327,3
41887,9
5920,8
32376,16
27864,9
10361,7
20878,6
25461,16
14051,7
44849,16
1541,13
908,7
12059,13
19464,18
6120,13
34498,13
16666,5
19118,13
1484,13
47998,9
30282,5
28974,16
16893,9
49223,7
35482,9
29500,7
26270,3
21551,5
18571,9
4144,10
8436,9
24343,12
5706,7
34003,18
31332,9
30861,9
25779,4
5531,3
9085,10
14711,7
31632,9
38002,5
4562,0
26604,1
21800,2
25844,16
6113,7
48105,2
26886,9
30639,17
41040,12
35359,9
40971,9
26403,7
45138,12
27629,16
16379,9
39698,13
43697,5
12935,10
30260,5
27705,9
30896,16
33072,5
18562,2
27340,9
39247,11
35549,13
17226,13
42827,17
48490,13
38311,18
17539,6
10841,5
13689,13
5138,18
18428,6
47495,9
3844,9
41911,5
28558,18
37652,3
43320,9
3265,6
30471,13
37488,13
46154,16
17884,16
41232,13
18734,13
13743,9
36343,7
7030,3
24613,7
38710,7
12280,7
29996,9
27749,3
8235,13
2938,2
47824,6
21818,11
10005,3
27040,9
48042,13
18261,5
44149,16
17768,5
17698,19
1200,16
17410,13
12595,16
48891,16
17784,9
11882,5
38280,7
480,12
26355,7
45386,13
42955,9
31678,3
4506,15
44155,19
11633,9
21253,13
46025,9
10314,1
46874,3
38432,9
48935,9
2490,9
8591,13
26318,3
37469,9
4102,9
15647,9
9121,7
7929,9
38228,2
14957,9
18414,4
5231,16
33604,16
12735,19
19523,3
7853,9
33163,12
5630,2
35049,6
7965,13
39821,7
27157,16
28318,8
11275,5
4034,7
37380,16
3470,7
701,16
37996,15
10483,16
18610,3
42759,9
11426,13
44136,16
24261,3
8985,9
28040,16
31071,13
6453,13
48762,9
36159,14
21417,11
26451,6
19979,5
44803,6
35560,3
39937,4
6593,19
31735,13
13153,11
1411,13
31664,9
32101,13
33367,13
46628,14
32747,9
2377,13
14640,9
48493,13
6752,12
17519,11
45167,6
5975,2
28189,6
37891,17
31530,17
22880,13
41020,17
32047,9
30877,16
6700,13
34641,3
25706,9
35164,13
10066,13
11681,9
40920,16
43481,15
33705,13
46679,5
17635,9
6235,13
49572,7
14373,16
25511,6
47652,13
24214,18
40625,19
20447,9
13533,6
10195,3
27795,6
23014,11
7561,13
23812,3
24952,5
41557,9
15847,18
20202,9
16301,18
27106,17
5037,1
15253,9
22270,5
39918,16
11398,13
44174,13
8231,16
34639,0
33855,16
14041,9
37934,9
6104,7
27251,5
47206,13
46137,13
31102,8
33073,7
4661,3
25610,5
31029,9
23440,14
42385,7
45895,9
34229,4
31486,11
47198,9
23006,5
14166,4
12425,13
46583,9
20880,9
13762,16
47701,1
26679,9
7296,13
8520,9
34428,8
40138,6
1967,3
12854,13
12646,5
40178,13
16990,9
172,15
28381,3
41826,16
36860,13
20795,13
6626,2
20589,11
4024,9
34359,13
29651,9
49442,9
5049,2
1337,16
29433,9
10717,16
15957,9
20499,13
38018,0
18150,5
46524,13
40473,0
21554,7
42695,13
48951,13
46544,9
8376,16
33109,4
41448,9
11784,7
36889,9
47140,13
16207,13
4708,9
9630,9
43778,9
5540,5
33015,13
32258,8
49287,7
36720,7
14956,9
36140,16
31818,14
15827,17
16331,9
39064,13
17103,7
42799,9
46829,13
39560,9
19496,9
23809,5
4056,13
1214,1
27520,14
28815,13
38950,6
9720,9
16896,2
23108,10
44539,9
45542,15
10080,9
10467,7
29668,9
6948,1
18308,3
41138,7
35252,13
45559,13
45169,3
22539,9
14601,5
46738,16
36644,13
18064,9
12989,7
29125,4
10810,9
39796,13
30688,14
25386,3
5550,7
26998,13
30398,0
40333,13
24265,9
18953,16
24287,9
36631,16
33500,17
9719,7
18589,9
25430,17
48525,13
4337,9
30578,16
18333,16
7556,16
13108,16
30208,3
23114,2
46118,9
37800,7
3390,14
7445,11
34030,0
40358,3
40028,9
45708,9
7393,19
3619,9
29848,7
25705,13
25919,5
4874,2
47709,13
30281,13
16044,16
1353,3
1339,7
48060,13
12829,2
24191,11
3859,5
10744,16
45958,9
9028,17
45733,16
21752,11
21085,14
45884,2
22860,19
39506,9
25569,3
36896,3
33018,4
15341,7
18983,9
5885,12
18704,9
31610,13
3401,14
35168,13
29209,13
36347,16
1785,18
38673,9
49486,3
13583,13
33926,16
40470,13
26337,12
6731,2
44459,11
22824,11
29264,9
25558,4
23080,10
14670,9
27553,16
17525,13
6077,17
24098,9
2510,9
26921,5
23088,13
31468,9
32381,3
44835,16
32368,3
27208,16
14242,13
19659,12
43094,2
15760,17
11814,9
15262,13
21825,9
39447,2
18247,13
32682,9
37504,8
20319,1
32522,5
44455,6
49148,9
2114,6
31361,13
28348,9
22226,7
33911,13
16916,16
35988,9
43563,9
35964,16
26651,13
15924,3
48851,16
23692,16
44971,13
31673,9
11741,7
1087,13
36591,13
24651,18
16791,5
28578,6
4537,7
24876,9
31584,9
39456,3
39474,9
11103,7
17650,16
40495,7
3434,13
10911,13
35249,18
8344,7
47259,7
42808,7
39649,14
316,16
43351,5
32617,7
27624,3
8796,16
43592,13
45582,16
31146,9
22025,6
33118,3
7641,9
48678,13
36267,16
29542,2
15157,7
14285,4
40043,9
3532,9
16823,18
4961,9
27022,13
41659,18
31690,7
41702,18
13661,9
8855,16
30533,2
30909,9
47943,7
45916,5
33460,9
35100,18
31513,9
15005,13
21308,19
14321,13
719,5
45509,7
10308,5
2071,14
853,1
30255,9
47546,9
13974,17
11583,9
36373,18
45398,9
36622,13
46510,9
15712,13
36418,12
38314,18
27960,9
14656,7
3838,2
18439,16
15998,16
31815,7
21879,13
40095,3
43972,13
23982,5
23836,16
46159,3
4302,5
35145,5
30222,14
30560,13
19781,16
16250,13
32866,4
31665,7
47334,18
34527,13
5760,9
13027,9
20855,17
8816,3
45001,9
9143,2
19989,9
42673,5
30565,3
26924,16
22404,14
4272,2
2728,9
26853,9
20862,12
25107,16
38168,16
7053,5
28624,13
7237,2
18398,16
46793,9
31501,9
20617,6
28046,11
17167,5
30370,3
31984,7
25643,9
6394,3
34282,18
47658,7
24087,13
26732,13
29627,7
37412,13
15435,6
26066,9
47869,9
48059,16
39577,15
41509,9
34606,13
2021,18
2532,6
27724,18
8754,19
4301,7
25137,9
24483,9
8566,9
46526,5
42148,9
17663,4
25669,7
4011,13
19432,15
11439,13
1162,19
20953,3
38796,9
30043,3
36182,5
33840,15
43911,2
5736,9
17534,3
51,5
1032,2
32889,9
34487,7
49264,7
5804,2
9724,18
4112,9
16786,9
2781,7
5785,13
17249,16
27894,13
11444,13
35396,9
15083,13
36320,2
49475,3
32585,12
22474,9
3014,9
40396,9
36634,13
18543,3
22089,11
33545,16
29049,16
9681,9
31476,11
46081,9
1293,5
3830,13
49201,12
4236,13
17185,1
48757,16
48277,16
19192,13
23579,11
867,5
919,9
11704,7
10939,1
6397,9
21926,10
41831,13
29221,5
15627,7
24228,13
31854,11
45533,13
24915,3
6750,2
43562,18
37717,13
8060,17
27317,13
23501,13
22255,9
27812,5
31490,7
43951,3
11407,13
31821,9
32173,7
36050,5
18967,9
20530,13
21805,16
28743,13
29386,10
28475,7
48106,13
14681,16
49120,5
27651,13
2803,13
27372,17
25807,3
25050,13
35790,16
42729,10
6419,1
19723,3
11569,2
10002,10
28748,0
33729,13
6109,12
9245,12
6013,18
4408,16
3973,16
5079,9
43736,16
43841,5
17547,13
1014,9
16213,2
27984,5
16158,3
13703,9
7838,19
40922,19
15497,16
18323,2
24432,9
4125,13
47287,13
27909,0
42533,11
41140,17
12009,16
24666,19
9000,9
33269,9
35110,13
14557,9
1002,9
3870,9
44030,16
4669,9
18282,12
25388,9
30918,12
31096,13
11806,3
35840,9
29994,16
16630,13
4862,3
6376,13
21696,9
2875,11
11132,9
22506,18
1397,13
17443,16
21524,5
29622,13
36085,16
39557,7
2648,12
40347,7
38771,6
44395,13
39038,9
24321,18
47886,16
15905,13
3533,16
36315,8
46414,13
29440,16
4754,19
17729,13
42372,11
34214,9
9500,3
25896,11
12995,7
11756,3
22586,9
32800,16
10408,13
10572,2
24046,13
30697,6
46439,3
38885,9
20199,10
45830,5
10050,7
20936,13
32765,4
28668,5
45215,16
6217,13
40777,13
46472,6
2281,9
38572,9
6585,13
14684,13
9667,13
14907,2
8693,9
18101,9
21028,7
18313,9
9982,16
6976,5
40781,3
46741,14
3444,5
45802,9
12432,16
6856,16
23581,13
9211,16
34069,3
22324,10
26983,0
35515,6
19409,2
9731,14
39758,16
42449,19
22877,3
23264,13
26064,5
9606,9
7595,12
10261,16
24981,3
47183,16
12375,9
23489,13
3309,5
44269,16
21212,9
44846,9
3875,6
36756,7
9086,16
29308,13
19797,5
21599,9
36287,0
27373,18
12132,2
24708,13
22669,1
46213,13
47599,14
37858,7
46458,16
34236,16
7138,9
4875,16
24731,5
11611,10
20894,9
12151,5
49053,7
43792,5
6018,3
42349,19
29888,9
30048,9
8955,18
5600,9
31683,4
20995,5
24548,3
10270,13
28782,3
13966,7
44278,13
40731,7
19851,7
12641,3
17720,3
37801,3
13693,9
603,9
8988,13
24909,7
43047,13
11217,3
22969,9
39295,5
44185,5
327,7
12836,7
11299,11
34168,5
15066,18
13971,5
20664,2
49079,15
6770,5
37297,3
44681,13
25754,5
28550,16
29004,19
49518,5
46998,13
4823,16
15740,5
49054,16
19638,0
43786,13
10856,13
3192,13
1796,16
236,7
37505,13
21677,3
38126,18
20081,3
10068,5
27020,2
40715,9
4271,7
17579,14
27270,6
28267,7
27677,16
32604,16
37138,2
6294,16
32315,9
41792,13
16595,4
34078,3
13794,13
48213,18
31810,13
9232,9
20850,13
16448,9
17795,16
30674,13
29811,9
33646,9
10369,19
35048,9
46730,4
11477,5
5846,16
24667,13
22900,13
9423,7
42347,19
10922,16
15777,18
1195,9
29279,7
17614,7
21031,14
9019,13
8853,14
27544,15
4608,13
2769,5
10110,9
31823,9
26227,13
24508,18
43947,18
47277,18
22220,9
33214,18
33312,9
7928,5
32869,15
42076,9
36891,14
30152,3
313,9
47091,10
14514,15
18235,16
26042,5
35038,10
13978,13
47002,3
21094,7
13017,7
16372,3
31550,10
370,0
23916,9
16521,4
22802,13
16357,9
21960,10
13401,9
46443,9
28013,17
47479,13
28441,9
48359,13
4193,3
10128,9
31943,9
22214,7
19154,6
40075,9
28502,5
26138,16
43438,0
2242,15
26504,8
39388,12
30011,13
21840,5
46986,9
47365,3
16845,3
14543,7
26612,15
24167,5
16540,4
11760,5
27205,13
27053,2
11126,16
4673,17
6873,16
6924,13
1156,3
35065,18
25018,3
2013,6
41180,9
133,13
15558,11
25721,13
36543,16
4381,3
12857,4
43016,7
44901,3
47981,13
17942,13
10158,1
11575,13
2784,1
229,14
3330,16
8096,7
10475,9
28164,5
40324,3
35644,5
12882,2
36403,13
31482,7
19854,9
34136,13
26289,9
24955,16
3785,7
42392,9
40628,13
4253,17
19562,5
1189,9
27870,9
339,7
36589,9
519,3
26577,18
9258,9
18690,14
41665,6
4485,13
6221,3
8131,9
27672,2
13033,10
34580,3
30508,3
38865,13
47149,9
24924,5
38795,18
44825,14
36855,5
48305,16
19482,2
8935,13
37946,9
13755,7
47007,13
34742,3
8527,11
19206,9
25799,12
26985,5
49104,16
47871,2
45767,3
42406,1
39016,13
32666,18
47848,16
23698,9
21671,0
9897,16
5454,7
45957,17
41165,9
4571,9
29052,13
26740,13
12496,5
28878,5
45139,9
256,9
5311,9
32114,13
36869,16
39652,9
25933,15
38099,3
38369,15
22489,16
11365,7
48544,16
22670,15
1218,3
39519,6
8839,9
36245,13
14797,13
5268,13
10358,5
10036,17
37307,13
40597,13
29688,13
19783,5
423,13
27353,13
19759,11
10429,11
45689,9
1169,7
34243,13
32838,1
48853,10
45757,10
27531,16
32236,6
34638,3
47946,9
30598,2
1749,3
21939,6
30875,15
42792,5
12380,13
48403,3
34186,16
15900,10
38907,13
35447,13
31842,7
33953,16
20569,9
29822,9
584,2
24004,13
43265,9
29251,9
33798,1
21312,9
3739,11
24748,13
25311,1
43715,11
21934,9
20538,7
48840,0
6586,3
37771,4
6112,13
47944,9
38275,9
28126,9
22422,7
5305,2
35772,9
5341,0
49491,3
743,3
26558,16
13925,7
41764,13
36120,3
6952,13
40620,7
17124,3
23444,7
1977,1
13417,13
42123,3
45457,13
1655,8
33346,16
26981,18
3067,9
25273,16
16897,16
10284,13
45324,5
33733,3
33326,16
39337,9
13674,13
3726,16
4501,7
48437,19
22443,9
38069,5
37740,13
26973,9
33399,7
9358,3
24784,9
46043,16
21798,13
13422,6
33081,9
48878,11
11370,18
30817,9
28004,7
18349,15
9561,9
36933,3
8157,19
22382,5
25500,14
39490,9
18710,14
35004,13
17719,5
19256,2
48264,16
52,3
43628,9
41707,14
29524,3
23716,9
6355,16
16054,7
39766,11
44868,9
46752,9
8413,9
49260,7
45751,16
34634,9
2405,11
48092,11
9995,17
3165,9
19395,12
9715,9
41697,18
20053,7
38879,4
30008,13
12349,13
16217,13
36621,13
40661,16
48599,6
22501,7
2192,13
35798,9
46899,13
520,3
43283,3
20397,9
10162,3
24135,16
17849,5
37654,7
26158,12
5428,9
18673,16
34525,2
17364,14
33684,15
9802,9
24240,9
11809,9
41184,9
23188,16
31228,13
6443,7
1231,7
10733,18
40737,11
35499,18
8318,9
47684,3
15563,5
7349,5
48592,14
47078,13
18835,9
6332,16
16661,5
10943,19
46362,13
38598,7
42888,13
24256,13
44570,12
29791,13
24175,13
36713,13
40644,3
28655,12
2848,13
34162,7
26633,3
43273,13
48550,15
37308,17
19005,16
1921,16
8472,9
44040,2
12770,9
11145,16
6660,9
20760,16
42642,7
4662,16
26597,13
39988,8
44052,9
15811,16
46315,5
5398,6
40009,13
15089,13
28628,11
39013,18
1963,16
8842,9
31195,9
37598,7
24539,9
39305,13
23465,7
36550,5
33725,5
29517,9
11675,11
23852,3
42909,9
37054,3
12000,7
9166,9
47048,9
22116,19
45240,13
33943,16
15308,9
38756,15
32704,16
29469,11
47877,17
48756,2
21975,15
29429,12
20881,13
47414,13
9345,13
47011,5
27112,9
20402,9
45341,13
32670,7
41698,9
19857,13
42417,9
32254,12
2942,7
46855,9
20696,9
48300,7
192,18
32018,5
36695,7
48964,3
12766,15
42491,2
38537,18
22752,18
13104,7
24203,2
38935,16
805,7
3417,9
10861,13
26640,6
45720,3
49419,16
40352,11
23447,2
35394,11
10875,3
33773,5
1539,18
27817,16
12418,3
37243,2
42127,16
12905,13
43889,9
45671,9
9885,5
16313,18
29862,7
11076,9
14205,16
160,9
25777,13
11522,11
27860,13
15442,3
21682,5
47530,18
10462,9
19447,9
32509,11
13777,7
46566,9
12818,2
6901,19
8420,16
18262,13
26488,3
40225,12
24543,16
38946,16
48842,9
2245,13
28820,9
26076,18
21408,18
43137,16
16077,11
6136,16
26797,6
22232,8
32513,3
46573,13
23417,3
28077,9
48348,3
14165,9
34531,13
48014,16
45409,13
29847,11
29100,7
47637,18
25472,9
34066,13
23038,9
5813,6
12715,16
37649,11
4643,0
31958,11
48808,9
14005,16
25496,18
37029,13
25821,13
43337,3
38604,13
29603,4
21318,5
20175,4
49623,5
16352,16
48535,13
3761,9
24743,9
2493,1
29402,7
47827,16
44726,7
20472,9
48253,5
9810,5
24644,9
9437,9
48306,5
5288,15
23638,16
8961,5
29190,16
40440,15
1485,6
3237,9
49664,11
7013,16
31322,16
9921,1
43495,6
16404,12
14207,7
36283,14
45185,5
46086,7
15950,17
10852,16
7872,15
23328,9
33971,9
43534,1
31355,16
41253,6
41422,5
48204,7
32057,13
43836,16
24107,7
36496,7
6061,9
3404,5
13461,2
42443,16
49612,9
48237,14
25591,3
5051,9
38735,3
45315,7
10499,3
37733,16
28537,11
42701,3
2149,13
8204,3
48318,3
31976,11
16798,17
3463,10
45378,16
5059,13
634,7
31436,7
44424,18
27210,5
9367,5
42447,16
39473,16
48459,16
26925,7
27418,11
43549,16
28330,9
23540,9
23046,2
3010,7
3764,13
8310,13
24067,3
33496,3
17217,16
38134,13
48225,13
10819,3
20270,15
11362,4
15251,14
39093,7
10567,13
45243,13
5649,3
40569,9
1045,16
10509,2
14626,7
18812,9
4233,9
13695,14
40308,6
46604,5
22035,9
39290,9
46065,19
41748,13
26524,19
32543,9
4398,5
27069,16
33375,7
4039,6
8010,13
45016,13
49669,16
43785,3
4641,16
20897,1
27149,3
48400,7
47164,2
43054,9
44898,7
43722,13
6650,13
23376,9
24251,2
41325,18
19133,5
15843,7
34532,9
21679,9
35411,9
9765,9
16906,16
37624,3
19551,17
42361,13
16853,13
36743,12
30296,7
40826,3
25987,7
37150,1
42940,9
8704,13
27779,13
27962,9
42110,18
43848,18
2334,12
18882,9
32970,5
44755,2
34346,9
5155,4
36723,9
41932,9
14939,3
36282,13
8585,13
40931,5
47156,3
7015,9
9084,9
44893,9
43738,12
11072,3
37376,16
25937,3
37277,3
22283,13
3742,9
34508,9
19929,0
7,7
46340,11
3755,13
19864,9
41988,12
35558,7
19853,13
17597,18
45852,13
22994,5
5226,13
770,9
19583,7
8878,5
37395,9
17516,9
14983,13
33265,9
32004,7
29173,9
9512,13
28947,5
19787,2
39736,19
30802,9
23130,18
3222,9
46823,7
27115,13
31230,16
12128,16
30321,13
5252,9
17584,12
8978,7
14020,9
34404,7
20503,13
13911,8
23318,9
34663,5
31032,13
30561,19
17515,9
21828,2
38861,13
45901,3
35750,3
30109,19
4834,9
42267,9
13611,17
38270,16
29008,16
43002,6
21180,9
35667,13
2567,3
24573,16
47258,16
2185,4
26974,13
37824,11
23441,9
22642,3
39849,5
49051,13
22925,2
36912,13
240,9
19385,5
14144,13
11335,13
48223,8
18788,6
25267,7
25407,4
15707,9
35675,18
9799,13
33106,13
20615,16
8702,7
22866,7
49019,16
18556,3
16141,13
48322,12
37350,13
1027,19
37668,7
42765,2
4797,7
17424,4
42608,13
21519,9
46087,9
37806,7
35900,9
32620,5
31940,17
1505,2
36398,13
13061,9
4675,3
49036,9
40404,2
22999,11
15127,10
20104,1
48058,13
41589,13
11834,13
4206,13
42435,19
25186,9
37071,3
3137,13
741,9
15780,9
4316,2
9340,16
46997,11
15261,7
14689,7
883,7
40034,16
564,13
15336,16
24025,5
21582,10
18527,9
20904,1
8738,9
8676,16
30185,13
41562,16
35307,7
28143,16
47656,16
29347,9
40348,13
2254,0
38895,5
27678,16
7841,7
20334,9
40242,9
21339,9
35281,13
35105,18
32338,16
41230,6
35787,5
30724,9
32342,9
6387,16
49285,2
48681,13
11476,2
27821,1
10071,9
31396,16
37046,14
18989,3
23456,5
12371,9
19605,13
48908,9
36415,7
27641,9
34351,9
48259,16
33139,5
29250,9
32743,13
47317,9
46124,15
33783,13
29366,4
20984,12
6499,16
38253,3
30846,1
38089,5
41767,3
40076,13
14869,7
27388,9
13289,9
33625,16
33722,7
35156,9
9267,13
37124,13
7622,16
46842,13
3105,13
32728,12
24933,13
33258,5
34757,18
42060,6
29607,7
41168,16
39710,16
24428,2
35391,9
14283,16
47132,9
47127,13
26861,16
40946,9
30267,16
3249,3
31629,13
48102,7
33922,18
33084,15
1257,9
32175,7
33580,9
36307,10
24430,18
25946,2
38234,13
9831,3
21341,13
18746,9
21259,11
36407,9
45971,5
47568,18
9169,13
15917,16
19884,19
34196,6
42336,13
42846,7
27223,16
12495,16
16957,13
14705,7
49694,1
26122,16
20002,5
36036,9
22803,19
23804,14
14129,9
28263,12
3995,5
42930,19
15527,13
3274,9
49387,13
33406,19
32008,5
30325,13
28018,18
466,1
11201,13
39689,3
35109,16
39297,16
39694,4
35954,5
795,8
13013,13
22344,14
7505,5
41009,7
18178,8
24795,17
28486,11
14189,7
34459,17
11618,13
25699,6
5908,5
16396,12
40936,8
12568,7
4386,16
34355,9
868,8
45186,8
19291,13
38548,6
1848,2
2144,13
13629,3
6588,9
25411,9
49162,9
4353,7
13310,9
3313,9
46725,3
39197,7
49483,13
7108,10
45368,16
22628,3
40786,13
29697,13
4103,16
15011,9
43213,13
17369,1
1560,9
36704,13
40432,7
28394,9
31410,6
19276,13
3024,5
4582,7
21732,13
210,7
622,5
10935,2
19607,1
47407,9
29722,7
21665,13
16330,14
10647,18
33369,13
35933,9
44010,7
13599,19
40689,9
33887,13
30306,2
43031,5
32346,3
2940,5
6785,15
2786,14
11481,13
39121,9
10954,3
33155,2
5345,9
40164,18
48554,13
9698,5
23106,13
43093,5
24672,3
5891,9
47093,9
15009,9
28060,8
33523,3
2379,13
14775,16
15220,13
36851,13
39829,16
22383,5
3205,9
8408,4
20126,9
19470,19
12053,11
14516,9
14748,9
44791,15
1532,16
30793,13
31881,13
5160,9
5057,16
34194,9
41705,9
19905,15
35629,9
42103,9
45941,12
9110,7
42172,7
41939,14
45250,9
28289,11
18355,16
14703,6
3461,8
45098,9
11405,10
46844,13
26361,9
6523,9
24156,1
29448,1
1001,7
17391,9
12403,5
25749,5
21618,13
20383,3
12910,5
44894,9
24454,9
5825,14
11,19
23267,1
49099,9
42191,7
10319,6
11648,6
4412,12
44603,7
12311,5
9352,19
47952,9
49425,9
43678,2
10148,9
16081,3
49688,9
32985,13
11136,13
41207,16
46821,7
15891,2
40458,11
11581,9
45144,9
47545,16
21086,8
35770,13
35552,12
21580,16
191,7
11292,5
5941,13
25711,13
43796,7
29280,13
9015,7
28401,2
5686,13
4547,13
35474,16
48123,13
43267,6
1135,16
37990,2
9701,1
47511,1
19287,19
39299,19
24289,9
29505,9
40518,16
9584,3
16133,16
4701,16
39859,0
29087,7
9937,7
4356,5
39846,9
2086,16
48530,9
45933,16
27744,9
5434,8
19893,9
18827,13
4968,7
30024,9
2117,5
47237,13
20171,7
13702,9
3935,15
33714,9
45210,3
22498,12
13586,16
17791,5
12148,12
14958,5
37356,9
7936,9
46242,3
30049,13
25722,9
26562,17
34145,9
15874,9
14347,9
42311,13
41735,7
4188,9
47079,13
24816,7
10631,7
28766,13
8876,13
49258,3
14429,2
49598,13
29394,1
25872,3
22278,12
26095,18
11504,16
12930,7
19846,6
7989,9
10964,18
35529,5
4032,13
13301,16
4658,16
15844,18
1520,15
40467,16
1920,12
44382,5
29341,9
18516,14
482,7
7100,9
22396,7
19439,18
24306,9
37618,7
5751,7
16615,9
12969,16
35806,13
33677,13
45656,13
10030,18
3424,7
22774,13
49429,7
32014,11
5238,9
11811,6
44987,9
15113,7
48635,9
29659,5
14245,3
31750,13
30367,7
9257,13
19427,18
28431,5
7503,13
44760,13
21161,13
29057,13
18401,7
28793,13
47306,9
24211,9
23532,9
49332,18
35851,14
7252,16
17755,4
36187,9
9847,16
9136,13
32182,9
40130,5
30456,17
1221,7
16726,13
15525,13
17007,9
20960,3
8986,16
5184,9
40640,11
24425,13
1754,2
10093,15
23021,3
4222,13
48476,9
44301,8
13850,9
28575,18
20138,9
23020,13
44250,7
20038,13
38621,19
18689,17
10545,12
18473,13
36411,2
3190,9
46615,3
6042,9
33483,16
846,17
34900,16
12632,16
45948,9
49275,16
36830,16
28630,2
47422,3
38625,16
15296,16
22919,7
19145,5
23315,3
49413,13
46370,9
41564,6
41226,9
20817,13
41661,12
8599,1
6386,13
16523,9
13154,13
6583,9
38523,2
19909,9
32321,5
43106,16
38704,6
35681,7
15028,9
36820,17
9598,10
28818,16
20418,16
4511,5
391,9
21507,13
31714,0
15215,9
24333,9
11728,13
20010,9
4450,10
8003,14
3358,13
27326,1
32894,13
416,16
11244,5
46556,13
47810,7
32819,9
33992,9
35820,16
10562,5
32036,5
29932,12
36568,9
9280,6
22836,13
42268,9
48580,14
12219,9
38662,12
41593,9
22886,9
12617,9
3402,5
21195,14
24569,13
31035,18
20229,18
2263,9
10826,4
14394,1
34210,5
3429,18
49157,19
40847,9
14084,5
6802,9
22381,16
21016,11
29024,9
4478,18
36711,7
8300,9
47035,9
15596,1
19902,16
31242,16
21117,7
15234,2
24993,3
31007,17
31687,13
13657,13
36612,16
14008,3
32124,5
43570,19
14059,7
30246,5
36028,16
22339,9
42525,16
1443,13
